[460133.0635967811;1207590.4879176505],[396712.90489051107;1138862.2727007293]
[396712.90489051107;1138862.2727007293],[440349.7243102664;1153617.544099596],[341555.08685701306;1018427.9688231196]
[440349.7243102664;1153617.544099596],[460133.0635967811;1207590.4879176505],[396712.90489051107;1138862.2727007293],[421107.95305439323;1071696.9364853557]
[341555.08685701306;1018427.9688231196],[396712.90489051107;1138862.2727007293],[421107.95305439323;1071696.9364853557],[323065.76812718133;959495.3326003774]
[421107.95305439323;1071696.9364853557],[440349.7243102664;1153617.544099596],[341555.08685701306;1018427.9688231196]
[85239.82158823527;917245.0379999997],[133954.5868961304;932630.2306692542],[78842.15367874097;846545.5260965951]
[133954.5868961304;932630.2306692542],[85239.82158823527;917245.0379999997],[160220.55117444508;846249.5647590279],[256012.2555232331;929031.3551837583]
[256012.2555232331;929031.3551837583],[133954.5868961304;932630.2306692542],[323065.76812718133;959495.3326003774],[261301.36104478076;847352.2813044911]
[323065.76812718133;959495.3326003774],[341555.08685701306;1018427.9688231196],[256012.2555232331;929031.3551837583],[361353.57889702497;833767.8680006693]
[78842.15367874097;846545.5260965951],[85239.82158823527;917245.0379999997],[160220.55117444508;846249.5647590279],[84188.45081450335;766912.2522858657]
[160220.55117444508;846249.5647590279],[133954.5868961304;932630.2306692542],[78842.15367874097;846545.5260965951],[261301.36104478076;847352.2813044911],[175478.71311475302;741703.9258203191]
[261301.36104478076;847352.2813044911],[160220.55117444508;846249.5647590279],[256012.2555232331;929031.3551837583],[361353.57889702497;833767.8680006693],[252445.78940704203;740573.7117655098]
[361353.57889702497;833767.8680006693],[407339.50749709265;847183.9497922226],[323065.76812718133;959495.3326003774],[261301.36104478076;847352.2813044911],[341364.6304635833;742781.339348726]
[407339.50749709265;847183.9497922226],[361353.57889702497;833767.8680006693]
[84188.45081450335;766912.2522858657],[78842.15367874097;846545.5260965951],[175478.71311475302;741703.9258203191]
[175478.71311475302;741703.9258203191],[84188.45081450335;766912.2522858657],[160220.55117444508;846249.5647590279],[252445.78940704203;740573.7117655098],[174517.37772740299;662267.2188091581]
[252445.78940704203;740573.7117655098],[175478.71311475302;741703.9258203191],[261301.36104478076;847352.2813044911],[341364.6304635833;742781.339348726],[258594.625207643;660099.6323780724]
[341364.6304635833;742781.339348726],[361353.57889702497;833767.8680006693],[252445.78940704203;740573.7117655098],[335062.2913739599;660510.6671995752]
[174517.37772740299;662267.2188091581],[175478.71311475302;741703.9258203191],[258594.625207643;660099.6323780724],[198977.54476251605;562438.9299422331]
[258594.625207643;660099.6323780724],[174517.37772740299;662267.2188091581],[252445.78940704203;740573.7117655098],[335062.2913739599;660510.6671995752],[259731.9917291518;567709.0184396523]
[335062.2913739599;660510.6671995752],[341364.6304635833;742781.339348726],[414211.13662539853;618421.405637139],[344283.72659500147;548955.2628937265],[258594.625207643;660099.6323780724]
[414211.13662539853;618421.405637139],[335062.2913739599;660510.6671995752],[433333.9356685883;544998.4208742521]
[198977.54476251605;562438.9299422331],[174517.37772740299;662267.2188091581],[259731.9917291518;567709.0184396523]
[259731.9917291518;567709.0184396523],[198977.54476251605;562438.9299422331],[258594.625207643;660099.6323780724],[344283.72659500147;548955.2628937265]
[344283.72659500147;548955.2628937265],[259731.9917291518;567709.0184396523],[335062.2913739599;660510.6671995752],[433333.9356685883;544998.4208742521],[363644.2051886873;431077.9595007093]
[433333.9356685883;544998.4208742521],[344283.72659500147;548955.2628937265],[414211.13662539853;618421.405637139],[438059.06643103505;435705.88809099793]
[363644.2051886873;431077.9595007093],[344283.72659500147;548955.2628937265],[438059.06643103505;435705.88809099793],[359568.7464700538;363871.4191616766]
[438059.06643103505;435705.88809099793],[363644.2051886873;431077.9595007093],[433333.9356685883;544998.4208742521],[513054.3123009241;436778.669937245],[446430.84202762967;349141.9809713457]
[264523.6528950351;353145.90601543145],[359568.7464700538;363871.4191616766],[255674.60763125334;236735.08348489855]
[359568.7464700538;363871.4191616766],[264523.6528950351;353145.90601543145],[363644.2051886873;431077.9595007093],[446430.84202762967;349141.9809713457],[362572.23552142084;250232.4515729941]
[446430.84202762967;349141.9809713457],[359568.7464700538;363871.4191616766],[438059.06643103505;435705.88809099793],[540769.6017285397;338270.5513178687],[445335.56989575806;259155.37377453217]
[191596.82616847733;216488.34053723648],[255674.60763125334;236735.08348489855],[195401.43307530455;197343.33557846042]
[255674.60763125334;236735.08348489855],[264523.6528950351;353145.90601543145],[191596.82616847733;216488.34053723648],[269265.33558187535;155370.7884803975],[362572.23552142084;250232.4515729941]
[362572.23552142084;250232.4515729941],[255674.60763125334;236735.08348489855],[359568.7464700538;363871.4191616766],[445335.56989575806;259155.37377453217],[346656.72908485204;159666.57792923474]
[445335.56989575806;259155.37377453217],[362572.23552142084;250232.4515729941],[446430.84202762967;349141.9809713457],[543066.458311219;240440.49110250155],[458699.42360462557;149246.82489001864]
[195401.43307530455;197343.33557846042],[191596.82616847733;216488.34053723648],[269265.33558187535;155370.7884803975],[174151.86104750793;43757.75509617316]
[269265.33558187535;155370.7884803975],[195401.43307530455;197343.33557846042],[255674.60763125334;236735.08348489855],[346656.72908485204;159666.57792923474],[256497.4313953831;69126.91315572029]
[346656.72908485204;159666.57792923474],[269265.33558187535;155370.7884803975],[362572.23552142084;250232.4515729941],[458699.42360462557;149246.82489001864],[350036.1524294349;89875.61771326113]
[458699.42360462557;149246.82489001864],[445335.56989575806;259155.37377453217],[539478.9954586509;163616.24599880082],[346656.72908485204;159666.57792923474],[433673.8668124431;92937.82958701794]
[90270.74016574578;12516.82119337017],[174151.86104750793;43757.75509617316]
[174151.86104750793;43757.75509617316],[90270.74016574578;12516.82119337017],[195401.43307530455;197343.33557846042],[256497.4313953831;69126.91315572029]
[256497.4313953831;69126.91315572029],[174151.86104750793;43757.75509617316],[269265.33558187535;155370.7884803975],[350036.1524294349;89875.61771326113]
[350036.1524294349;89875.61771326113],[256497.4313953831;69126.91315572029],[346656.72908485204;159666.57792923474],[433673.8668124431;92937.82958701794]
[433673.8668124431;92937.82958701794],[350036.1524294349;89875.61771326113],[458699.42360462557;149246.82489001864],[555955.4136257824;99019.96002188436]
[513054.3123009241;436778.669937245],[438059.06643103505;435705.88809099793],[540769.6017285397;338270.5513178687]
[540769.6017285397;338270.5513178687],[513054.3123009241;436778.669937245],[446430.84202762967;349141.9809713457],[625577.4193871586;316507.2078721465],[543066.458311219;240440.49110250155]
[625577.4193871586;316507.2078721465],[540769.6017285397;338270.5513178687],[622160.5387254267;258588.7515308007]
[543066.458311219;240440.49110250155],[540769.6017285397;338270.5513178687],[622160.5387254267;258588.7515308007],[539478.9954586509;163616.24599880082],[445335.56989575806;259155.37377453217]
[622160.5387254267;258588.7515308007],[625577.4193871586;316507.2078721465],[543066.458311219;240440.49110250155],[619521.8172848878;152139.40527704774]
[539478.9954586509;163616.24599880082],[543066.458311219;240440.49110250155],[619521.8172848878;152139.40527704774],[458699.42360462557;149246.82489001864],[555955.4136257824;99019.96002188436]
[619521.8172848878;152139.40527704774],[622160.5387254267;258588.7515308007],[539478.9954586509;163616.24599880082]
[555955.4136257824;99019.96002188436],[539478.9954586509;163616.24599880082],[433673.8668124431;92937.82958701794]
