[395777.0;1140634.0],[395831.77;1140616.15]
[395831.77;1140616.15],[395886.54000000004;1140598.31],[395777.0;1140634.0]
[395875.75;1141236.34],[395900.93;1141217.53]
[395886.54000000004;1140598.31],[395831.77;1140616.15],[395928.38;1140638.38],[395940.93;1140573.58]
[395900.93;1141217.53],[395925.82;1141187.22],[395875.75;1141236.34]
[395925.82;1141187.22],[395940.86;1141120.6],[395900.93;1141217.53]
[395928.38;1140638.38],[395886.54000000004;1140598.31],[395980.85000000003;1140739.51]
[395940.86;1141120.6],[395952.62;1141068.48],[395925.82;1141187.22]
[395940.93;1140573.58],[395993.5;1140540.43],[395886.54000000004;1140598.31]
[395952.62;1141068.48],[395987.17;1141027.49],[395940.86;1141120.6]
[395980.85000000003;1140739.51],[395928.38;1140638.38],[396018.67;1140782.8900000001]
[395982.03;1140946.74],[396036.25;1140906.59],[395998.73;1140997.75]
[395987.17;1141027.49],[395998.73;1140997.75],[395952.62;1141068.48]
[395993.5;1140540.43],[396046.43;1140523.4],[395940.93;1140573.58]
[395998.73;1140997.75],[395987.17;1141027.49],[395982.03;1140946.74],[396017.14;1141039.83]
[396017.14;1141039.83],[395998.73;1140997.75],[396035.54000000004;1141081.92]
[396018.67;1140782.8900000001],[395980.85000000003;1140739.51],[396026.18;1140796.08]
[396026.18;1140796.08],[396018.67;1140782.8900000001],[396055.89;1140848.25]
[396035.54000000004;1141081.92],[396017.14;1141039.83]
[396036.25;1140906.59],[396056.19;1140869.95],[395982.03;1140946.74]
[396046.43;1140523.4],[396094.41000000003;1140497.76],[395993.5;1140540.43]
[396055.89;1140848.25],[396026.18;1140796.08],[396056.19;1140869.95]
[396056.19;1140869.95],[396055.89;1140848.25],[396036.25;1140906.59]
[396094.41000000003;1140497.76],[396252.29000000004;1140388.97],[396046.43;1140523.4]
[396252.29000000004;1140388.97],[396288.19;1140370.47],[396094.41000000003;1140497.76]
[396288.19;1140370.47],[396371.16000000003;1140342.94],[396252.29000000004;1140388.97]
[396306.42;1137076.77],[396324.46;1137107.4]
[396324.46;1137107.4],[396306.42;1137076.77],[396333.14;1137114.19]
[396333.14;1137114.19],[396324.46;1137107.4],[396370.0;1137143.0]
[396370.0;1137143.0],[396333.14;1137114.19],[396393.0;1137172.0]
[396371.16000000003;1140342.94],[396377.0;1140341.0],[396288.19;1140370.47]
[396377.0;1140341.0],[396535.07;1140240.8],[396371.16000000003;1140342.94]
[396393.0;1137172.0],[396370.0;1137143.0],[396435.0;1137191.0]
[396435.0;1137191.0],[396393.0;1137172.0],[396472.0;1137247.0]
[396472.0;1137247.0],[396435.0;1137191.0],[396548.99;1137300.59]
[396535.07;1140240.8],[396645.0;1140148.0],[396377.0;1140341.0]
[396548.26;1137599.18],[396590.8;1137581.4]
[396548.99;1137300.59],[396472.0;1137247.0],[396653.0;1137373.0]
[396590.8;1137581.4],[396548.26;1137599.18],[396612.84;1137585.91]
[396612.84;1137585.91],[396590.8;1137581.4],[396637.5;1137601.15]
[396637.5;1137601.15],[396612.84;1137585.91],[396674.56;1137600.32]
[396645.0;1140148.0],[396669.0;1140119.0],[396535.07;1140240.8]
[396653.0;1137373.0],[396548.99;1137300.59],[396756.0;1137516.0]
[396669.0;1140119.0],[396692.0;1140063.0],[396645.0;1140148.0]
[396674.56;1137600.32],[396637.5;1137601.15],[396688.89;1137600.0]
[396688.89;1137600.0],[396674.56;1137600.32],[396730.35000000003;1137566.03]
[396692.0;1140063.0],[396721.8;1139950.8],[396669.0;1140119.0]
[396721.8;1139950.8],[396733.0;1139907.0],[396692.0;1140063.0]
[396730.35000000003;1137566.03],[396688.89;1137600.0],[396745.39;1137543.32]
[396731.0;1139831.0],[396738.0;1139809.0],[396733.0;1139907.0]
[396733.0;1139907.0],[396731.0;1139831.0],[396721.8;1139950.8]
[396738.0;1139809.0],[396892.0;1139505.0],[396731.0;1139831.0]
[396745.39;1137543.32],[396730.35000000003;1137566.03],[396784.17;1137535.79]
[396754.74;1137339.06],[396769.12;1137333.44]
[396756.0;1137516.0],[396653.0;1137373.0],[396784.17;1137535.79]
[396769.12;1137333.44],[396785.41000000003;1137337.56],[396754.74;1137339.06]
[396784.17;1137535.79],[396756.0;1137516.0],[396745.39;1137543.32],[396805.06;1137549.52]
[396785.41000000003;1137337.56],[396806.17;1137347.58],[396769.12;1137333.44]
[396805.06;1137549.52],[396784.17;1137535.79],[396825.96;1137563.25]
[396806.17;1137347.58],[396834.5;1137361.25],[396785.41000000003;1137337.56]
[396816.66000000003;1137492.91],[396825.96;1137563.25],[396832.43;1137469.28]
[396825.96;1137563.25],[396805.06;1137549.52],[396816.66000000003;1137492.91],[396883.74;1137637.31]
[396832.43;1137469.28],[396816.66000000003;1137492.91],[396855.08;1137435.34]
[396834.5;1137361.25],[396852.52;1137376.85],[396806.17;1137347.58]
[396852.52;1137376.85],[396834.5;1137361.25],[396855.08;1137435.34],[396865.46;1137296.84]
[396855.08;1137435.34],[396832.43;1137469.28],[396852.52;1137376.85]
[396865.35000000003;1137221.94],[396876.2;1137230.45]
[396865.46;1137296.84],[396852.52;1137376.85],[396876.2;1137230.45]
[396876.2;1137230.45],[396865.46;1137296.84],[396865.35000000003;1137221.94]
[396883.74;1137637.31],[396825.96;1137563.25],[396941.52;1137711.36]
[396892.0;1139505.0],[396892.65;1139503.08],[396738.0;1139809.0]
[396892.65;1139503.08],[397031.0;1139093.0],[396892.0;1139505.0]
[396936.0;1138891.0],[396936.56;1138886.72],[396944.0;1138918.0]
[396936.56;1138886.72],[396936.82;1138884.72],[396936.0;1138891.0]
[396936.82;1138884.72],[396937.56;1138879.04],[396936.56;1138886.72]
[396937.56;1138879.04],[396939.0;1138868.0],[396936.82;1138884.72]
[396939.0;1138868.0],[396979.96;1138801.01],[396937.56;1138879.04]
[396941.52;1137711.36],[396883.74;1137637.31],[397013.14;1137663.03],[396959.86;1137751.47]
[396944.0;1138918.0],[396936.0;1138891.0],[396963.0;1138945.0]
[396959.86;1137751.47],[396941.52;1137711.36],[396988.0;1137813.0]
[396963.0;1138945.0],[396944.0;1138918.0],[396980.0;1138963.0]
[396979.96;1138801.01],[397035.0;1138711.0],[396939.0;1138868.0]
[396980.0;1138963.0],[396963.0;1138945.0],[397004.0;1138971.0]
[396988.0;1137813.0],[396959.86;1137751.47],[396993.41000000003;1137829.71]
[396993.41000000003;1137829.71],[396988.0;1137813.0],[397033.22000000003;1137952.76]
[397004.0;1138971.0],[396980.0;1138963.0],[397011.0;1139008.0]
[397011.0;1139008.0],[397004.0;1138971.0],[397025.0;1139039.0]
[397013.14;1137663.03],[396941.52;1137711.36],[397052.87;1137636.22]
[397025.0;1139039.0],[397031.0;1139093.0],[397011.0;1139008.0],[397120.0;1138986.0]
[397031.0;1139093.0],[397025.0;1139039.0],[396892.65;1139503.08]
[397033.22000000003;1137952.76],[396993.41000000003;1137829.71],[397052.0;1138043.0]
[397035.0;1138711.0],[397055.0;1138533.0],[396979.96;1138801.01]
[397052.0;1138043.0],[397033.22000000003;1137952.76],[397082.0;1138116.0]
[397052.87;1137636.22],[397013.14;1137663.03],[397084.76;1137614.71]
[397055.0;1138533.0],[397035.0;1138711.0],[397090.65;1138239.55],[397083.0;1138563.0]
[397082.0;1138116.0],[397052.0;1138043.0],[397094.0;1138212.0]
[397083.0;1138563.0],[397055.0;1138533.0],[397109.49;1138621.15]
[397084.76;1137614.71],[397052.87;1137636.22]
[397090.65;1138239.55],[397094.0;1138212.0],[397055.0;1138533.0]
[397094.0;1138212.0],[397082.0;1138116.0],[397090.65;1138239.55]
[397109.49;1138621.15],[397083.0;1138563.0],[397153.0;1138716.6400000001]
[397120.0;1138986.0],[397202.55;1138969.49],[397025.0;1139039.0]
[397153.0;1138716.6400000001],[397109.49;1138621.15],[397174.0;1138756.0]
[397174.0;1138756.0],[397153.0;1138716.6400000001],[397186.24;1138763.88]
[397186.24;1138763.88],[397174.0;1138756.0],[397236.01;1138795.8900000001]
[397202.55;1138969.49],[397235.0;1138963.0],[397120.0;1138986.0]
[397235.0;1138963.0],[397334.0;1138881.0],[397202.55;1138969.49]
[397236.01;1138795.8900000001],[397186.24;1138763.88]
[397334.0;1138881.0],[397364.0;1138872.0],[397235.0;1138963.0]
[397364.0;1138872.0],[397334.0;1138881.0],[397433.29000000004;1138878.38],[397390.71;1138856.4]
[397390.71;1138856.4],[397364.0;1138872.0],[397417.42;1138840.8]
[397417.42;1138840.8],[397390.71;1138856.4]
[397433.29000000004;1138878.38],[397437.34;1138883.6400000001],[397364.0;1138872.0]
[397437.34;1138883.6400000001],[397483.87;1138944.0],[397433.29000000004;1138878.38]
[397442.2;1139054.45],[397467.60000000003;1138999.6400000001]
[397467.60000000003;1138999.6400000001],[397442.2;1139054.45],[397487.26;1138957.21]
[397483.87;1138944.0],[397437.34;1138883.6400000001],[397487.26;1138957.21]
[397487.26;1138957.21],[397467.60000000003;1138999.6400000001],[397483.87;1138944.0]
