[87441.91;14728.73],[87456.19;14737.45]
[87456.19;14737.45],[87490.61;14744.960000000001],[87441.91;14728.73]
[87490.61;14744.960000000001],[87499.19;14746.84],[87456.19;14737.45]
[87499.19;14746.84],[87536.6;14725.31],[87490.61;14744.960000000001]
[87536.6;14725.31],[87499.19;14746.84],[87553.01;14737.220000000001],[87577.67;14693.39]
[87553.01;14737.220000000001],[87569.42;14749.14],[87536.6;14725.31]
[87568.21;14775.94],[87576.36;14790.95],[87570.65000000001;14758.23]
[87569.42;14749.14],[87553.01;14737.220000000001],[87570.03;14753.68],[87574.02;14752.6]
[87570.03;14753.68],[87570.65000000001;14758.23],[87569.42;14749.14]
[87570.65000000001;14758.23],[87568.21;14775.94],[87570.03;14753.68],[87574.63;14757.15]
[87574.02;14752.6],[87578.62;14756.06],[87569.42;14749.14]
[87574.63;14757.15],[87578.62;14756.06],[87570.65000000001;14758.23]
[87576.36;14790.95],[87673.25;14890.98],[87568.21;14775.94]
[87577.67;14693.39],[87536.6;14725.31],[87618.73;14661.470000000001]
[87578.62;14756.06],[87574.02;14752.6],[87574.63;14757.15],[87590.0;14755.0]
[87588.38;8064.9400000000005],[87589.5;8102.42],[87611.06;8059.900000000001]
[87589.5;8102.42],[87637.61;8137.93],[87588.38;8064.9400000000005]
[87590.0;14755.0],[87634.0;14728.0],[87578.62;14756.06]
[87611.06;8059.900000000001],[87588.38;8064.9400000000005],[87625.82;8045.93]
[87618.73;14661.470000000001],[87577.67;14693.39]
[87625.82;8045.93],[87611.06;8059.900000000001],[87720.08;8105.37]
[87634.0;14728.0],[87652.0;14727.0],[87590.0;14755.0]
[87637.61;8137.93],[87663.7;8183.4400000000005],[87589.5;8102.42]
[87652.0;14727.0],[87665.2;14729.710000000001],[87634.0;14728.0]
[87663.7;8183.4400000000005],[87694.24;8236.7],[87637.61;8137.93]
[87665.2;14729.710000000001],[87691.0;14735.0],[87652.0;14727.0]
[87673.25;14890.98],[87700.48;14906.08],[87576.36;14790.95]
[87691.0;14735.0],[87750.22;14768.880000000001],[87665.2;14729.710000000001]
[87694.24;8236.7],[87749.21;8276.86],[87663.7;8183.4400000000005]
[87700.48;14906.08],[87792.93000000001;14957.35],[87673.25;14890.98]
[87720.08;8105.37],[87625.82;8045.93],[87740.75;8118.400000000001]
[87740.75;8118.400000000001],[87720.08;8105.37],[87759.01;8095.62]
[87749.21;8276.86],[87761.68000000001;8292.85],[87694.24;8236.7]
[87750.22;14768.880000000001],[87691.0;14735.0],[87783.58;14768.41],[87800.73;14792.15]
[87751.0;8340.0],[87756.34;8316.42],[87755.99;8342.960000000001]
[87755.99;8342.960000000001],[87758.85;8344.65],[87751.0;8340.0]
[87756.34;8316.42],[87751.0;8340.0],[87761.68000000001;8292.85]
[87758.85;8344.65],[87778.0;8356.0],[87755.99;8342.960000000001]
[87759.01;8095.62],[87740.75;8118.400000000001],[87804.49;8101.26]
[87761.68000000001;8292.85],[87749.21;8276.86],[87756.34;8316.42],[87793.0;8242.0]
[87778.0;8356.0],[87824.64;8359.01],[87758.85;8344.65]
[87783.58;14768.41],[87750.22;14768.880000000001],[87816.94;14767.95]
[87792.93000000001;14957.35],[87845.93000000001;14976.75],[87700.48;14906.08]
[87793.0;8242.0],[87761.68000000001;8292.85],[87835.0;8199.0]
[87800.73;14792.15],[87815.82;14807.050000000001],[87750.22;14768.880000000001]
[87804.49;8101.26],[87759.01;8095.62],[87859.97;8099.03]
[87815.82;14807.050000000001],[87833.53;14824.550000000001],[87800.73;14792.15]
[87816.94;14767.95],[87783.58;14768.41],[87850.98;14805.74],[87817.61;14733.880000000001]
[87817.61;14733.880000000001],[87816.94;14767.95],[87818.09;14709.41]
[87818.09;14709.41],[87817.61;14733.880000000001],[87823.44;14701.44]
[87823.44;14701.44],[87818.09;14709.41],[87881.93000000001;14629.31],[87824.65000000001;14715.550000000001]
[87824.64;8359.01],[87824.93000000001;8359.03],[87778.0;8356.0]
[87824.65000000001;14715.550000000001],[87843.86;14731.74],[87823.44;14701.44]
[87824.93000000001;8359.03],[87826.11;8359.1],[87824.64;8359.01]
[87826.11;8359.1],[87826.85;8359.15],[87824.93000000001;8359.03]
[87826.85;8359.15],[87828.04000000001;8359.23],[87826.11;8359.1]
[87828.04000000001;8359.23],[87834.57;8359.65],[87826.85;8359.15]
[87833.53;14824.550000000001],[87876.75;14853.32],[87815.82;14807.050000000001]
[87834.57;8359.65],[87840.0;8360.0],[87828.04000000001;8359.23]
[87835.0;8199.0],[87793.0;8242.0],[87840.2;8195.7]
[87840.0;8360.0],[87858.67;8366.95],[87834.57;8359.65]
[87840.2;8195.7],[87835.0;8199.0],[87887.0;8166.0]
[87843.86;14731.74],[87893.65000000001;14753.960000000001],[87824.65000000001;14715.550000000001]
[87845.93000000001;14976.75],[87888.98;14980.34],[87792.93000000001;14957.35]
[87850.98;14805.74],[87851.75;14807.17],[87816.94;14767.95]
[87851.75;14807.17],[87872.04000000001;14844.61],[87850.98;14805.74]
[87858.67;8366.95],[87917.45;8388.84],[87840.0;8360.0]
[87859.97;8099.03],[87804.49;8101.26],[87908.0;8114.16]
[87872.04000000001;14844.61],[87875.16;14850.380000000001],[87851.75;14807.17]
[87875.16;14850.380000000001],[87876.75;14853.32],[87872.04000000001;14844.61]
[87876.75;14853.32],[87833.53;14824.550000000001],[87875.16;14850.380000000001],[87883.93000000001;14865.550000000001]
[87881.93000000001;14629.31],[87823.44;14701.44],[87909.67;14540.62]
[87883.93000000001;14865.550000000001],[87886.14;14915.86],[87876.75;14853.32]
[87886.14;14915.86],[87888.98;14980.34],[87883.93000000001;14865.550000000001]
[87887.0;8166.0],[87840.2;8195.7],[87951.90000000001;8138.35]
[87887.3;8488.24],[87896.19;8467.92],[87900.63;8504.01]
[87888.98;14980.34],[87845.93000000001;14976.75],[87886.14;14915.86],[87906.0;14967.0],[87894.0;15109.0]
[87893.65000000001;14753.960000000001],[87946.83;14788.48],[87843.86;14731.74]
[87894.0;15109.0],[87888.98;14980.34],[87914.27;15114.37]
[87896.19;8467.92],[87901.48;8426.43],[87887.3;8488.24]
[87900.63;8504.01],[87887.3;8488.24],[87932.06;8518.4]
[87901.48;8426.43],[87917.45;8388.84],[87896.19;8467.92]
[87906.0;14967.0],[87951.95;14904.300000000001],[87888.98;14980.34]
[87908.0;8114.16],[87917.0;8117.0],[87859.97;8099.03]
[87909.67;14540.62],[87881.93000000001;14629.31],[87912.35;14532.050000000001]
[87912.35;14532.050000000001],[87909.67;14540.62],[87914.08;14526.550000000001]
[87914.08;14526.550000000001],[87912.35;14532.050000000001],[87920.28;14506.7]
[87914.27;15114.37],[87894.0;15109.0],[87977.0;15131.0]
[87917.0;8117.0],[87951.90000000001;8138.35],[87908.0;8114.16]
[87917.45;8388.84],[87858.67;8366.95],[87901.48;8426.43],[87931.0;8388.0]
[87920.28;14506.7],[87914.08;14526.550000000001],[87944.81;14480.98]
[87931.0;8388.0],[87978.0;8269.0],[87917.45;8388.84]
[87932.06;8518.4],[87900.63;8504.01],[88050.7;8461.57]
[87944.81;14480.98],[87920.28;14506.7],[87980.13;14467.79]
[87946.83;14788.48],[87951.03;14792.58],[87893.65000000001;14753.960000000001]
[87951.03;14792.58],[87972.93000000001;14813.98],[87946.83;14788.48]
[87951.90000000001;8138.35],[87887.0;8166.0],[87917.0;8117.0],[87986.0;8156.0]
[87951.95;14904.300000000001],[87953.96;14901.550000000001],[87906.0;14967.0]
[87953.96;14901.550000000001],[87959.86;14893.51],[87951.95;14904.300000000001]
[87959.86;14893.51],[87964.07;14887.76],[87953.96;14901.550000000001]
[87964.07;14887.76],[87977.8;14893.19],[87959.86;14893.51]
[87971.2;14407.56],[87995.81;14425.19]
[87972.93000000001;14813.98],[87996.63;14805.58],[87951.03;14792.58]
[87977.0;15131.0],[87914.27;15114.37],[88007.0;15130.0]
[87977.8;14893.19],[87982.37;14908.92],[87964.07;14887.76]
[87978.0;8269.0],[87989.85;8266.85],[87931.0;8388.0]
[87980.13;14467.79],[87944.81;14480.98],[87994.95;14443.12]
[87982.37;14908.92],[87982.57;14909.62],[87977.8;14893.19]
[87982.57;14909.62],[87985.0;14918.0],[87982.37;14908.92]
[87985.0;14918.0],[88030.04000000001;14916.67],[87982.57;14909.62]
[87986.0;8156.0],[88018.42;8155.64],[87951.90000000001;8138.35]
[87989.85;8266.85],[88000.0;8265.0],[87978.0;8269.0]
[87994.95;14443.12],[87980.13;14467.79],[87995.81;14425.19]
[87995.81;14425.19],[87994.95;14443.12],[87971.2;14407.56]
[87996.63;14805.58],[88056.33;14855.380000000001],[87972.93000000001;14813.98]
[88000.0;8265.0],[88040.0;8244.0],[87989.85;8266.85]
[88007.0;15130.0],[87977.0;15131.0],[88060.0;15144.0]
[88018.42;8155.64],[88089.23;8154.84],[87986.0;8156.0]
[88030.04000000001;14916.67],[88039.23;14914.48],[87985.0;14918.0]
[88039.23;14914.48],[88030.04000000001;14916.67],[88053.03;14900.37]
[88040.0;8244.0],[88082.13;8192.31],[88000.0;8265.0]
[88050.7;8461.57],[87932.06;8518.4],[88072.87;8457.73]
[88053.03;14900.37],[88039.23;14914.48],[88073.43000000001;14879.51]
[88054.77;15418.37],[88059.41;15412.550000000001],[88060.2;15426.68]
[88056.33;14855.380000000001],[88073.43000000001;14879.51],[87996.63;14805.58]
[88057.29000000001;15446.89],[88060.2;15426.68]
[88059.41;15412.550000000001],[88082.96;15382.98],[88054.77;15418.37]
[88060.0;15144.0],[88007.0;15130.0],[88077.03;15156.49]
[88060.2;15426.68],[88054.77;15418.37],[88057.29000000001;15446.89]
[88072.87;8457.73],[88050.7;8461.57],[88099.07;8453.210000000001]
[88073.43000000001;14879.51],[88053.03;14900.37],[88056.33;14855.380000000001]
[88077.03;15156.49],[88060.0;15144.0],[88094.06;15168.98]
[88082.13;8192.31],[88082.36;8192.03],[88040.0;8244.0]
[88082.36;8192.03],[88094.17;8163.34],[88082.13;8192.31]
[88082.96;15382.98],[88059.41;15412.550000000001],[88102.67;15336.91],[88130.66;15398.33]
[88089.23;8154.84],[88018.42;8155.64],[88091.7;8159.09],[88094.26;8154.5]
[88091.7;8159.09],[88094.17;8163.34],[88089.23;8154.84]
[88094.06;15168.98],[88077.03;15156.49],[88151.94;15224.02],[88099.61;15210.220000000001]
[88094.17;8163.34],[88082.36;8192.03],[88091.7;8159.09],[88096.73;8158.75]
[88094.26;8154.5],[88099.29000000001;8154.16],[88089.23;8154.84]
[88096.73;8158.75],[88099.29000000001;8154.16],[88094.17;8163.34]
[88099.07;8453.210000000001],[88072.87;8457.73],[88141.72;8457.44]
[88099.29000000001;8154.16],[88094.26;8154.5],[88096.73;8158.75],[88105.65000000001;8153.58]
[88099.61;15210.220000000001],[88094.06;15168.98],[88103.75;15219.74]
[88102.67;15336.91],[88106.28;15328.470000000001],[88082.96;15382.98]
[88103.75;15219.74],[88099.61;15210.220000000001],[88115.65000000001;15247.11]
[88105.65000000001;8153.58],[88112.0;8153.0],[88099.29000000001;8154.16]
[88106.28;15328.470000000001],[88111.75;15287.9],[88102.67;15336.91]
[88111.75;15287.9],[88106.28;15328.470000000001],[88112.65000000001;15278.53],[88119.93000000001;15283.03]
[88112.0;8153.0],[88150.42;8151.1],[88105.65000000001;8153.58]
[88112.65000000001;15278.53],[88113.55;15269.15],[88111.75;15287.9]
[88113.55;15269.15],[88115.65000000001;15247.11],[88112.65000000001;15278.53],[88120.83;15273.65]
[88115.65000000001;15247.11],[88103.75;15219.74],[88113.55;15269.15]
[88119.93000000001;15283.03],[88111.75;15287.9],[88128.1;15278.15]
[88120.83;15273.65],[88128.1;15278.15],[88113.55;15269.15]
[88128.1;15278.15],[88153.6;15270.35],[88119.93000000001;15283.03],[88120.83;15273.65]
[88130.66;15398.33],[88082.96;15382.98],[88151.95;15405.18]
[88141.72;8457.44],[88099.07;8453.210000000001],[88212.84;8505.7]
[88150.42;8151.1],[88156.19;8150.81],[88112.0;8153.0]
[88151.2;15432.92],[88151.95;15405.18]
[88151.94;15224.02],[88094.06;15168.98],[88164.24;15235.710000000001]
[88151.95;15405.18],[88130.66;15398.33],[88151.2;15432.92]
[88153.6;15270.35],[88156.08;15262.26],[88128.1;15278.15]
[88156.08;15262.26],[88160.01;15249.48],[88153.6;15270.35]
[88156.19;8150.81],[88200.38;8148.63],[88150.42;8151.1]
[88160.01;15249.48],[88164.24;15235.710000000001],[88156.08;15262.26]
[88164.24;15235.710000000001],[88151.94;15224.02],[88160.01;15249.48]
[88200.38;8148.63],[88233.0;8164.0],[88156.19;8150.81]
[88212.84;8505.7],[88141.72;8457.44],[88261.95;8521.26]
[88233.0;8164.0],[88253.99;8178.99],[88200.38;8148.63]
[88253.99;8178.99],[88304.32;8214.93],[88233.0;8164.0]
[88261.95;8521.26],[88212.84;8505.7],[88314.23;8561.47]
[88304.32;8214.93],[88253.99;8178.99],[88346.45;8255.47],[88352.55;8217.960000000001]
[88314.23;8561.47],[88261.95;8521.26],[88323.54000000001;8560.68]
[88323.54000000001;8560.68],[88314.23;8561.47],[88333.65000000001;8539.62]
[88333.65000000001;8539.62],[88323.54000000001;8560.68],[88342.17;8538.960000000001]
[88342.17;8538.960000000001],[88333.65000000001;8539.62],[88343.96;8520.3]
[88343.96;8520.3],[88342.17;8538.960000000001],[88366.0;8483.0]
[88346.45;8255.47],[88347.0;8256.0],[88304.32;8214.93]
[88347.0;8256.0],[88398.0;8229.0],[88346.45;8255.47]
[88352.55;8217.960000000001],[88385.0;8220.0],[88304.32;8214.93]
[88366.0;8483.0],[88343.96;8520.3],[88409.28;8441.06]
[88385.0;8220.0],[88398.0;8229.0],[88352.55;8217.960000000001]
[88398.0;8229.0],[88347.0;8256.0],[88385.0;8220.0],[88429.3;8267.15]
[88409.28;8441.06],[88366.0;8483.0],[88424.73;8426.08]
[88424.73;8426.08],[88409.28;8441.06],[88462.0;8400.0]
[88429.3;8267.15],[88438.05;8289.24],[88398.0;8229.0]
[88438.05;8289.24],[88452.77;8326.4],[88429.3;8267.15]
[88452.77;8326.4],[88477.0;8349.0],[88438.05;8289.24]
[88462.0;8400.0],[88424.73;8426.08],[88479.0;8368.0]
[88477.0;8349.0],[88479.0;8368.0],[88452.77;8326.4]
[88479.0;8368.0],[88462.0;8400.0],[88477.0;8349.0]
[88705.13;15295.6],[88719.0;15314.0]
[88719.0;15314.0],[88705.13;15295.6],[88742.0;15323.0]
[88742.0;15323.0],[88719.0;15314.0],[88750.07;15323.0]
[88750.07;15323.0],[88742.0;15323.0],[88773.0;15323.0]
[88773.0;15323.0],[88750.07;15323.0],[88804.0;15312.0]
[88804.0;15312.0],[88773.0;15323.0],[88818.32;15338.27],[88839.41;15281.45]
[88818.32;15338.27],[88832.64;15364.54],[88804.0;15312.0]
[88832.64;15364.54],[88844.57;15392.81],[88818.32;15338.27]
[88835.0;15466.0],[88845.75;15443.54]
[88835.64;14657.41],[88844.58;14674.66],[88844.90000000001;14640.470000000001]
[88839.41;15281.45],[88804.0;15312.0],[88874.82;15250.9]
[88844.57;15392.81],[88856.5;15421.08],[88832.64;15364.54]
[88844.58;14674.66],[88886.28;14704.37],[88835.64;14657.41]
[88844.90000000001;14640.470000000001],[88835.64;14657.41],[88895.0;14620.0]
[88845.75;15443.54],[88856.5;15421.08],[88835.0;15466.0]
[88856.5;15421.08],[88845.75;15443.54],[88844.57;15392.81],[88873.92;15408.380000000001]
[88873.92;15408.380000000001],[88881.04000000001;15409.84],[88856.5;15421.08]
[88874.82;15250.9],[88876.07;15252.48],[88839.41;15281.45],[88889.27;15230.64]
[88876.07;15252.48],[88874.82;15250.9],[88883.2;15261.37]
[88881.04000000001;15409.84],[88901.86;15414.11],[88873.92;15408.380000000001]
[88883.2;15261.37],[88876.07;15252.48],[88883.37;15261.58]
[88883.37;15261.58],[88883.2;15261.37],[88888.11;15267.5]
[88886.28;14704.37],[88908.0;14735.0],[88844.58;14674.66]
[88888.11;15267.5],[88883.37;15261.58],[88894.23;15275.130000000001]
[88889.27;15230.64],[88874.82;15250.9],[88903.73;15210.37]
[88894.23;15275.130000000001],[88888.11;15267.5],[88913.64;15299.36]
[88895.0;14620.0],[88844.90000000001;14640.470000000001],[88911.16;14604.0]
[88897.53;15132.710000000001],[88903.73;15210.37],[88902.24;15114.86]
[88901.86;15414.11],[88906.52;15420.09],[88881.04000000001;15409.84]
[88902.24;15114.86],[88897.53;15132.710000000001],[88906.08;15100.35]
[88903.73;15210.37],[88897.53;15132.710000000001],[88909.89;15212.52],[88889.27;15230.64]
[88906.08;15100.35],[88902.24;15114.86],[88961.02;15040.33]
[88906.52;15420.09],[88928.26;15439.04],[88901.86;15414.11]
[88908.0;14735.0],[88908.48;14757.89],[88886.28;14704.37],[88920.46;14710.92]
[88908.48;14757.89],[88913.99;14767.77],[88908.0;14735.0]
[88909.89;15212.52],[88912.14;15213.300000000001],[88903.73;15210.37]
[88911.16;14604.0],[88895.0;14620.0],[88944.65000000001;14522.84]
[88911.16;15916.32],[89058.48;15874.33]
[88912.14;15213.300000000001],[88917.0;15215.0],[88909.89;15212.52]
[88913.64;15299.36],[88894.23;15275.130000000001]
[88913.99;14767.77],[88930.65000000001;14797.65],[88908.48;14757.89]
[88914.62;14863.36],[88914.97;14873.92],[88955.76;14839.65]
[88914.97;14873.92],[88930.53;14906.09],[88914.62;14863.36]
[88917.0;15215.0],[88967.28;15281.34],[88912.14;15213.300000000001]
[88920.46;14710.92],[88908.0;14735.0],[88956.08;14682.41]
[88924.71;14292.57],[88953.92;14369.74],[88926.25;14280.550000000001]
[88926.25;14280.550000000001],[88924.71;14292.57],[88927.53;14278.470000000001]
[88927.53;14278.470000000001],[88926.25;14280.550000000001],[88970.31;14209.43]
[88928.26;15439.04],[88950.0;15458.0],[88906.52;15420.09]
[88930.53;14906.09],[88945.04000000001;14936.09],[88914.97;14873.92]
[88930.65000000001;14797.65],[88913.99;14767.77],[88988.84;14829.57],[88943.21;14818.65]
[88943.21;14818.65],[88955.76;14839.65],[88930.65000000001;14797.65]
[88944.65000000001;14522.84],[88911.16;14604.0],[88981.2;14463.82]
[88945.04000000001;14936.09],[88980.35;14943.31],[88930.53;14906.09]
[88950.0;15458.0],[88928.26;15439.04],[88986.16;15414.23],[89013.92;15556.56]
[88953.92;14369.74],[88980.32;14439.5],[88924.71;14292.57]
[88955.76;14839.65],[88914.62;14863.36],[88943.21;14818.65],[88970.40000000001;14870.12]
[88956.08;14682.41],[88920.46;14710.92],[88967.53;14673.24]
[88961.02;15040.33],[88906.08;15100.35],[89005.3;15032.65],[88982.65000000001;14994.26]
[88967.28;15281.34],[88989.0;15310.0],[88917.0;15215.0]
[88967.53;14673.24],[88956.08;14682.41],[88976.53;14666.03]
[88970.31;14209.43],[88927.53;14278.470000000001],[88975.23;14145.6]
[88970.40000000001;14870.12],[88975.73;14881.210000000001],[88955.76;14839.65]
[88975.23;14145.6],[88970.31;14209.43],[89021.77;14129.73]
[88975.73;14881.210000000001],[88993.73;14892.98],[88970.40000000001;14870.12]
[88976.53;14666.03],[88967.53;14673.24],[89009.28;14597.34]
[88980.32;14439.5],[88981.2;14463.82],[88953.92;14369.74]
[88980.35;14943.31],[88981.86;14943.62],[88945.04000000001;14936.09]
[88981.2;14463.82],[88944.65000000001;14522.84],[88980.32;14439.5]
[88981.86;14943.62],[89004.28;14948.2],[88980.35;14943.31]
[88982.65000000001;14994.26],[88961.02;15040.33],[89004.28;14948.2]
[88986.16;15414.23],[89007.0;15389.0],[88950.0;15458.0]
[88988.84;14829.57],[88930.65000000001;14797.65],[88990.57;14830.52]
[88989.0;15310.0],[89014.0;15366.0],[88967.28;15281.34]
[88990.57;14830.52],[88988.84;14829.57],[88999.97;14867.92]
[88993.73;14892.98],[88999.97;14867.92],[88975.73;14881.210000000001],[89001.89;14896.130000000001]
[88999.97;14867.92],[88990.57;14830.52],[88993.73;14892.98]
[89001.89;14896.130000000001],[89010.04000000001;14899.27],[88993.73;14892.98]
[89004.28;14948.2],[88981.86;14943.62],[88982.65000000001;14994.26],[89010.47;14933.27]
[89005.3;15032.65],[89049.58;15024.970000000001],[88961.02;15040.33]
[89007.0;15389.0],[89014.0;15366.0],[88986.16;15414.23]
[89009.28;14597.34],[88976.53;14666.03],[89041.86;14566.67]
[89010.04000000001;14899.27],[89001.89;14896.130000000001],[89013.34;14908.81],[89020.67;14903.0]
[89010.47;14933.27],[89004.28;14948.2],[89016.65000000001;14918.35]
[89013.34;14908.81],[89016.65000000001;14918.35],[89010.04000000001;14899.27]
[89013.92;15556.56],[89041.11;15583.04],[88950.0;15458.0]
[89014.0;15366.0],[88989.0;15310.0],[89007.0;15389.0],[89038.90000000001;15382.03]
[89016.65000000001;14918.35],[89010.47;14933.27],[89013.34;14908.81],[89023.97;14912.54]
[89020.67;14903.0],[89031.29000000001;14906.73],[89010.04000000001;14899.27]
[89021.77;14129.73],[88975.23;14145.6],[89043.42;14111.14]
[89023.97;14912.54],[89016.65000000001;14918.35],[89031.29000000001;14906.73]
[89031.29000000001;14906.73],[89020.67;14903.0],[89023.97;14912.54],[89043.28;14902.460000000001],[89065.11;14929.82]
[89038.90000000001;15382.03],[89059.03;15384.45],[89014.0;15366.0]
[89041.11;15583.04],[89049.04000000001;15590.77],[89013.92;15556.56]
[89041.86;14566.67],[89009.28;14597.34],[89072.01;14538.28]
[89043.28;14902.460000000001],[89031.29000000001;14906.73],[89049.13;14900.380000000001]
[89043.42;14111.14],[89021.77;14129.73],[89060.72;14096.29]
[89049.04000000001;15590.77],[89084.01;15604.84],[89041.11;15583.04]
[89049.13;14900.380000000001],[89043.28;14902.460000000001],[89065.27;14894.64]
[89049.58;15024.970000000001],[89005.3;15032.65],[89071.2;15017.59]
[89058.48;15874.33],[89082.52;15857.99],[88911.16;15916.32]
[89059.03;15384.45],[89113.33;15379.95],[89038.90000000001;15382.03]
[89060.72;14096.29],[89043.42;14111.14],[89086.81;14063.630000000001]
[89065.11;14929.82],[89084.73;14943.220000000001],[89031.29000000001;14906.73]
[89065.27;14894.64],[89049.13;14900.380000000001],[89117.76;14875.960000000001]
[89071.2;15017.59],[89049.58;15024.970000000001],[89089.15000000001;14998.220000000001]
[89072.01;14538.28],[89041.86;14566.67],[89088.93000000001;14522.35]
[89075.95;14044.45],[89116.87;14042.220000000001]
[89082.52;15857.99],[89125.87;15828.53],[89058.48;15874.33]
[89084.01;15604.84],[89190.53;15610.14],[89049.04000000001;15590.77]
[89084.73;14943.220000000001],[89096.8;14951.460000000001],[89065.11;14929.82]
[89086.81;14063.630000000001],[89060.72;14096.29],[89142.09;14050.960000000001]
[89088.93000000001;14522.35],[89072.01;14538.28],[89121.84;14505.59]
[89089.15000000001;14998.220000000001],[89071.2;15017.59],[89099.25;14987.32]
[89096.8;14951.460000000001],[89098.93000000001;14952.92],[89084.73;14943.220000000001]
[89098.93000000001;14952.92],[89096.8;14951.460000000001],[89099.25;14987.32],[89209.76;14940.960000000001]
[89099.25;14987.32],[89089.15000000001;14998.220000000001],[89098.93000000001;14952.92]
[89113.33;15379.95],[89161.0;15376.0],[89059.03;15384.45]
[89116.87;14042.220000000001],[89075.95;14044.45],[89157.79000000001;14039.99]
[89117.76;14875.960000000001],[89065.27;14894.64],[89128.78;14872.04]
[89121.84;14505.59],[89088.93000000001;14522.35],[89154.64;14488.880000000001]
[89125.87;15828.53],[89148.25;15805.99],[89082.52;15857.99]
[89128.78;14872.04],[89117.76;14875.960000000001],[89201.54000000001;14846.15]
[89142.09;14050.960000000001],[89086.81;14063.630000000001],[89157.79000000001;14039.99]
[89148.25;15805.99],[89162.08;15801.48],[89125.87;15828.53]
[89154.64;14488.880000000001],[89121.84;14505.59],[89175.33;14478.35]
[89157.79000000001;14039.99],[89142.09;14050.960000000001],[89116.87;14042.220000000001],[89199.93000000001;14035.550000000001]
[89161.0;15376.0],[89173.83;15424.03],[89113.33;15379.95]
[89162.08;15801.48],[89173.02;15797.91],[89148.25;15805.99]
[89173.02;15797.91],[89176.51;15796.78],[89162.08;15801.48]
[89173.83;15424.03],[89175.59;15430.62],[89161.0;15376.0]
[89175.33;14478.35],[89154.64;14488.880000000001],[89218.51;14474.43]
[89175.59;15430.62],[89184.18000000001;15432.98],[89173.83;15424.03]
[89176.51;15796.78],[89178.84;15791.75],[89173.02;15797.91]
[89178.84;15791.75],[89182.01;15784.93],[89176.51;15796.78]
[89182.01;15784.93],[89188.33;15771.300000000001],[89178.84;15791.75]
[89184.18000000001;15432.98],[89185.11;15433.24],[89175.59;15430.62]
[89185.11;15433.24],[89214.64;15441.36],[89184.18000000001;15432.98]
[89188.33;15771.300000000001],[89193.27;15772.03],[89182.01;15784.93]
[89190.53;15610.14],[89084.01;15604.84],[89219.24;15637.43]
[89193.27;15772.03],[89205.97;15773.9],[89188.33;15771.300000000001]
[89199.93000000001;14035.550000000001],[89157.79000000001;14039.99],[89230.71;14048.79]
[89201.54000000001;14846.15],[89128.78;14872.04],[89269.24;14812.02]
[89205.97;15773.9],[89228.18000000001;15777.17],[89193.27;15772.03]
[89209.76;14940.960000000001],[89261.88;14942.550000000001],[89098.93000000001;14952.92]
[89214.64;15441.36],[89226.75;15465.73],[89185.11;15433.24]
[89218.51;14474.43],[89175.33;14478.35],[89318.53;14465.35]
[89219.24;15637.43],[89223.11;15649.98],[89190.53;15610.14]
[89223.11;15649.98],[89238.64;15700.39],[89219.24;15637.43]
[89224.77;15752.17],[89226.52;15751.25],[89228.18000000001;15777.17]
[89226.52;15751.25],[89250.6;15738.58],[89224.77;15752.17]
[89226.75;15465.73],[89245.51;15483.61],[89214.64;15441.36]
[89228.18000000001;15777.17],[89224.77;15752.17],[89205.97;15773.9],[89232.40000000001;15780.69]
[89230.71;14048.79],[89199.93000000001;14035.550000000001],[89230.95;14048.89]
[89230.95;14048.89],[89230.71;14048.79],[89261.15000000001;14061.89]
[89232.40000000001;15780.69],[89228.18000000001;15777.17],[89236.62;15784.210000000001]
[89236.62;15784.210000000001],[89262.92;15779.33],[89232.40000000001;15780.69],[89241.7;15826.52]
[89238.64;15700.39],[89257.64;15667.800000000001],[89223.11;15649.98],[89244.62;15719.48]
[89240.8;15875.52],[89244.18000000001;15851.380000000001],[89270.57;15876.550000000001]
[89241.7;15826.52],[89236.62;15784.210000000001],[89242.09;15829.710000000001]
[89242.09;15829.710000000001],[89241.7;15826.52],[89244.45;15849.41]
[89243.49;13445.17],[89259.44;13483.12],[89249.74;13431.460000000001]
[89244.18000000001;15851.380000000001],[89244.45;15849.41],[89240.8;15875.52]
[89244.45;15849.41],[89242.09;15829.710000000001],[89244.18000000001;15851.380000000001]
[89244.62;15719.48],[89250.6;15738.58],[89238.64;15700.39]
[89245.51;15483.61],[89292.75;15528.62],[89226.75;15465.73]
[89247.46;13546.06],[89262.14;13570.29],[89259.44;13483.12]
[89249.74;13431.460000000001],[89243.49;13445.17],[89274.6;13412.460000000001]
[89250.6;15738.58],[89244.62;15719.48],[89271.8;15747.79],[89226.52;15751.25]
[89257.64;15667.800000000001],[89265.08;15639.43],[89238.64;15700.39]
[89259.44;13483.12],[89247.46;13546.06],[89243.49;13445.17]
[89261.15000000001;14061.89],[89230.95;14048.89],[89268.73;14065.15]
[89261.88;14942.550000000001],[89287.73;14943.35],[89209.76;14940.960000000001]
[89262.14;13570.29],[89315.2;13657.880000000001],[89247.46;13546.06]
[89262.92;15779.33],[89236.62;15784.210000000001],[89289.23;15774.460000000001]
[89265.08;15639.43],[89268.71;15636.6],[89257.64;15667.800000000001]
[89268.71;15636.6],[89305.71;15607.84],[89265.08;15639.43]
[89268.73;14065.15],[89261.15000000001;14061.89],[89303.21;14064.11]
[89269.24;14812.02],[89201.54000000001;14846.15],[89290.73;14790.550000000001]
[89270.57;15876.550000000001],[89240.8;15875.52],[89278.03;15887.800000000001]
[89271.8;15747.79],[89293.0;15757.0],[89250.6;15738.58]
[89274.6;13412.460000000001],[89249.74;13431.460000000001]
[89278.03;15887.800000000001],[89270.57;15876.550000000001],[89283.71;15873.710000000001],[89280.26;15912.33]
[89280.26;15912.33],[89278.03;15887.800000000001],[89287.92;15915.7]
[89281.81;13983.76],[89283.7;13994.69],[89296.67;13933.57]
[89283.71;15873.710000000001],[89278.03;15887.800000000001],[89285.67;15868.83]
[89283.7;13994.69],[89286.91;14013.2],[89281.81;13983.76]
[89285.67;15868.83],[89283.71;15873.710000000001],[89286.14;15867.67]
[89286.14;15867.67],[89285.67;15868.83],[89287.88;15863.35]
[89286.91;14013.2],[89290.08;14031.470000000001],[89283.7;13994.69]
[89287.73;14943.35],[89320.53;14961.550000000001],[89261.88;14942.550000000001]
[89287.88;15863.35],[89286.14;15867.67],[89297.72;15838.9]
[89287.92;15915.7],[89280.26;15912.33],[89307.23;15924.17]
[89289.23;15774.460000000001],[89291.11;15765.73],[89262.92;15779.33],[89292.05;15789.03]
[89289.44;15828.43],[89297.72;15838.9],[89290.73;15822.53]
[89290.08;14031.470000000001],[89303.21;14064.11],[89286.91;14013.2]
[89290.73;14790.550000000001],[89269.24;14812.02],[89325.14;14756.17]
[89290.73;15822.53],[89289.44;15828.43],[89294.87;15803.6]
[89291.11;15765.73],[89289.23;15774.460000000001],[89291.42;15764.32]
[89291.42;15764.32],[89291.11;15765.73],[89291.63;15763.33]
[89291.63;15763.33],[89291.42;15764.32],[89293.0;15757.0]
[89292.05;15789.03],[89294.87;15803.6],[89289.23;15774.460000000001]
[89292.75;15528.62],[89294.26;15530.07],[89245.51;15483.61]
[89293.0;15757.0],[89310.14;15692.92],[89271.8;15747.79],[89291.63;15763.33]
[89294.26;15530.07],[89309.32;15551.61],[89292.75;15528.62]
[89294.87;15803.6],[89292.05;15789.03],[89301.7;15821.9],[89290.73;15822.53]
[89296.67;13933.57],[89281.81;13983.76],[89335.27;13803.210000000001]
[89297.72;15838.9],[89300.62;15834.65],[89289.44;15828.43],[89287.88;15863.35]
[89300.62;15834.65],[89302.45;15831.95],[89297.72;15838.9]
[89301.7;15821.9],[89294.87;15803.6],[89304.39;15829.1]
[89302.45;15831.95],[89304.39;15829.1],[89300.62;15834.65]
[89303.21;14064.11],[89268.73;14065.15],[89290.08;14031.470000000001],[89322.95;14090.5]
[89304.39;15829.1],[89301.7;15821.9],[89302.45;15831.95]
[89305.71;15607.84],[89308.07;15583.15],[89268.71;15636.6]
[89307.23;15924.17],[89287.92;15915.7],[89307.68000000001;15926.59]
[89307.68000000001;15926.59],[89307.23;15924.17],[89308.62;15931.6]
[89308.07;15583.15],[89308.7;15567.380000000001],[89329.86;15582.25],[89305.71;15607.84]
[89308.62;15931.6],[89307.68000000001;15926.59],[89308.72;15932.15]
[89308.72;15932.15],[89308.62;15931.6],[89309.42;15935.890000000001]
[89308.7;15567.380000000001],[89308.07;15583.15],[89309.32;15551.61]
[89309.32;15551.61],[89294.26;15530.07],[89315.91;15545.08],[89308.7;15567.380000000001]
[89309.42;15935.890000000001],[89308.72;15932.15]
[89310.14;15692.92],[89312.64;15683.58],[89293.0;15757.0]
[89312.64;15683.58],[89340.15000000001;15634.050000000001],[89310.14;15692.92]
[89315.2;13657.880000000001],[89337.75;13732.04],[89262.14;13570.29]
[89315.91;15545.08],[89309.32;15551.61],[89319.68000000001;15541.33]
[89318.53;14465.35],[89218.51;14474.43],[89352.13;14452.35]
[89319.68000000001;15541.33],[89315.91;15545.08],[89393.03;15468.56]
[89320.53;14961.550000000001],[89355.73;15000.95],[89287.73;14943.35]
[89322.95;14090.5],[89333.5;14120.37],[89303.21;14064.11]
[89325.14;14756.17],[89290.73;14790.550000000001],[89366.24;14715.1]
[89329.86;15582.25],[89308.07;15583.15],[89334.6;15591.44]
[89333.5;14120.37],[89342.51;14145.880000000001],[89322.95;14090.5]
[89334.6;15591.44],[89329.86;15582.25],[89349.34;15620.01]
[89335.27;13803.210000000001],[89296.67;13933.57],[89353.72;13789.62],[89336.51;13767.630000000001]
[89336.51;13767.630000000001],[89335.27;13803.210000000001],[89337.75;13732.04]
[89337.75;13732.04],[89315.2;13657.880000000001],[89336.51;13767.630000000001],[89361.58;13760.61]
[89340.15000000001;15634.050000000001],[89312.64;15683.58]
[89342.51;14145.880000000001],[89346.29000000001;14147.710000000001],[89333.5;14120.37]
[89346.29000000001;14147.710000000001],[89356.73;14152.77],[89342.51;14145.880000000001]
[89349.34;15620.01],[89334.6;15591.44]
[89352.13;14452.35],[89318.53;14465.35],[89358.17;14445.58]
[89353.72;13789.62],[89362.25;13787.56],[89335.27;13803.210000000001]
[89355.73;15000.95],[89397.15000000001;15024.0],[89320.53;14961.550000000001]
[89356.73;14152.77],[89359.08;14152.85],[89346.29000000001;14147.710000000001]
[89358.17;14445.58],[89352.13;14452.35],[89374.87;14426.89]
[89359.08;14152.85],[89376.31;14153.43],[89356.73;14152.77]
[89361.58;13760.61],[89337.75;13732.04],[89363.66;13763.11]
[89362.25;13787.56],[89393.05;13780.11],[89353.72;13789.62]
[89363.66;13763.11],[89361.58;13760.61],[89393.05;13780.11]
[89366.24;14715.1],[89325.14;14756.17],[89375.67;14708.49]
[89374.87;14426.89],[89358.17;14445.58],[89392.33;14407.35]
[89375.67;14708.49],[89366.24;14715.1],[89400.05;14691.42]
[89376.31;14153.43],[89450.82;14155.960000000001],[89359.08;14152.85]
[89392.33;14407.35],[89374.87;14426.89],[89469.19;14339.83]
[89393.03;15468.56],[89319.68000000001;15541.33],[89400.58;15461.07]
[89393.05;13780.11],[89362.25;13787.56],[89363.66;13763.11],[89462.39;13776.84]
[89397.15000000001;15024.0],[89355.73;15000.95],[89432.7;15045.29],[89445.88;15002.880000000001]
[89400.05;14691.42],[89375.67;14708.49],[89405.45;14687.64]
[89400.58;15461.07],[89393.03;15468.56],[89500.49;15421.98]
[89405.45;14687.64],[89400.05;14691.42],[89422.75;14685.57]
[89422.75;14685.57],[89405.45;14687.64],[89440.63;14701.81]
[89432.7;15045.29],[89474.62;15088.630000000001],[89397.15000000001;15024.0]
[89440.63;14701.81],[89422.75;14685.57],[89472.84;14731.050000000001]
[89445.88;15002.880000000001],[89397.15000000001;15024.0],[89454.23;15004.2]
[89450.82;14155.960000000001],[89467.43000000001;14162.99],[89376.31;14153.43]
[89454.23;15004.2],[89445.88;15002.880000000001],[89515.05;15013.78]
[89462.39;13776.84],[89393.05;13780.11],[89500.37;13815.460000000001]
[89467.43000000001;14162.99],[89450.82;14155.960000000001],[89478.99;14180.12]
[89469.19;14339.83],[89392.33;14407.35],[89549.86;14295.42]
[89470.57;14257.32],[89486.01;14249.25],[89495.24;14271.73]
[89472.84;14731.050000000001],[89440.63;14701.81],[89622.15000000001;14630.49]
[89474.62;15088.630000000001],[89513.68000000001;15129.03],[89432.7;15045.29]
[89478.99;14180.12],[89490.54000000001;14197.25],[89467.43000000001;14162.99]
[89486.01;14249.25],[89496.97;14243.52],[89470.57;14257.32]
[89490.54000000001;14197.25],[89478.99;14180.12],[89493.25;14203.58],[89498.22;14197.9]
[89493.25;14203.58],[89490.54000000001;14197.25],[89495.97;14209.92]
[89495.24;14271.73],[89470.57;14257.32]
[89495.97;14209.92],[89496.92;14241.800000000001],[89493.25;14203.58],[89500.94;14204.23]
[89496.92;14241.800000000001],[89495.97;14209.92],[89496.97;14243.52]
[89496.97;14243.52],[89496.92;14241.800000000001],[89486.01;14249.25]
[89498.22;14197.9],[89505.90000000001;14198.550000000001],[89490.54000000001;14197.25]
[89500.37;13815.460000000001],[89462.39;13776.84],[89525.04000000001;13840.550000000001]
[89500.49;15421.98],[89400.58;15461.07],[89515.48;15413.76]
[89500.94;14204.23],[89495.97;14209.92],[89505.90000000001;14198.550000000001]
[89505.90000000001;14198.550000000001],[89498.22;14197.9],[89500.94;14204.23],[89529.41;14202.93]
[89513.68000000001;15129.03],[89516.04000000001;15128.95],[89474.62;15088.630000000001]
[89515.05;15013.78],[89454.23;15004.2],[89541.61;15019.550000000001],[89527.61;15065.0]
[89515.48;15413.76],[89500.49;15421.98],[89530.47;15405.54]
[89516.04000000001;15128.95],[89546.04000000001;15127.92],[89513.68000000001;15129.03]
[89525.04000000001;13840.550000000001],[89500.37;13815.460000000001],[89575.17;13838.44]
[89527.61;15065.0],[89515.05;15013.78],[89535.43000000001;15071.59]
[89529.41;14202.93],[89568.93000000001;14223.01],[89505.90000000001;14198.550000000001]
[89530.47;15405.54],[89589.77;15345.44],[89539.79000000001;15407.220000000001],[89515.48;15413.76]
[89535.43000000001;15071.59],[89527.61;15065.0],[89541.82;15076.98]
[89539.79000000001;15407.220000000001],[89530.47;15405.54],[89574.09;15413.41]
[89541.61;15019.550000000001],[89515.05;15013.78],[89590.74;15018.36]
[89541.82;15076.98],[89535.43000000001;15071.59],[89546.82;15108.73]
[89542.33;10265.16],[89560.22;10318.68],[89574.8;10170.35]
[89546.04000000001;15127.92],[89559.2;15127.48],[89516.04000000001;15128.95]
[89546.82;15108.73],[89541.82;15076.98],[89553.15000000001;15118.31]
[89549.86;14295.42],[89469.19;14339.83],[89582.61;14288.07]
[89553.15000000001;15118.31],[89546.82;15108.73],[89556.53;15123.44]
[89556.53;15123.44],[89553.15000000001;15118.31],[89559.2;15127.48]
[89559.2;15127.48],[89546.04000000001;15127.92],[89556.53;15123.44],[89565.39;15129.74]
[89560.22;10318.68],[89589.73;10362.61],[89542.33;10265.16]
[89565.39;15129.74],[89586.92;15137.630000000001],[89559.2;15127.48]
[89568.93000000001;14223.01],[89569.35;14223.220000000001],[89529.41;14202.93]
[89569.35;14223.220000000001],[89578.14;14236.0],[89568.93000000001;14223.01]
[89574.09;15413.41],[89539.79000000001;15407.220000000001],[89597.41;15417.62]
[89574.8;10170.35],[89542.33;10265.16],[89653.40000000001;10094.6]
[89575.17;13838.44],[89525.04000000001;13840.550000000001],[89612.51;13846.58]
[89578.14;14236.0],[89579.26;14249.07],[89569.35;14223.220000000001]
[89579.26;14249.07],[89581.62;14276.6],[89578.14;14236.0]
[89581.62;14276.6],[89581.97;14280.64],[89579.26;14249.07]
[89581.97;14280.64],[89582.61;14288.07],[89581.62;14276.6]
[89582.61;14288.07],[89549.86;14295.42],[89581.97;14280.64],[89631.33;14285.16]
[89586.92;15137.630000000001],[89592.91;15139.82],[89565.39;15129.74]
[89589.73;10362.61],[89720.31;10469.99],[89560.22;10318.68]
[89589.77;15345.44],[89530.47;15405.54],[89652.06;15326.95]
[89590.74;15018.36],[89541.61;15019.550000000001],[89621.28;15006.04]
[89592.91;15139.82],[89604.15000000001;15148.19],[89586.92;15137.630000000001]
[89597.41;15417.62],[89574.09;15413.41],[89599.75;15415.99]
[89599.75;15415.99],[89597.41;15417.62],[89601.0;15415.12]
[89601.0;15415.12],[89599.75;15415.99],[89616.69;15404.210000000001]
[89604.15000000001;15148.19],[89631.99;15168.93],[89592.91;15139.82]
[89612.51;13846.58],[89575.17;13838.44]
[89616.69;15404.210000000001],[89601.0;15415.12],[89638.65000000001;15388.94]
[89621.28;15006.04],[89590.74;15018.36],[89624.45;15004.76]
[89622.15000000001;14630.49],[89472.84;14731.050000000001],[89656.59;14598.82]
[89624.45;15004.76],[89621.28;15006.04],[89635.59;15000.27]
[89631.33;14285.16],[89582.61;14288.07],[89635.75;14284.9]
[89631.99;15168.93],[89638.51;15173.78],[89604.15000000001;15148.19]
[89635.59;15000.27],[89624.45;15004.76],[89679.92;14973.050000000001]
[89635.75;14284.9],[89631.33;14285.16],[89705.61;14280.73]
[89638.51;15173.78],[89648.56;15181.26],[89631.99;15168.93]
[89638.65000000001;15388.94],[89616.69;15404.210000000001],[89662.14;15389.31]
[89648.56;15181.26],[89683.74;15191.15],[89638.51;15173.78]
[89652.06;15326.95],[89589.77;15345.44],[89662.0;15324.0]
[89653.40000000001;10094.6],[89574.8;10170.35],[89714.0;10017.65]
[89656.59;14598.82],[89622.15000000001;14630.49],[89860.98;14539.68]
[89662.0;15324.0],[89652.06;15326.95],[89705.42;15295.85]
[89662.14;15389.31],[89638.65000000001;15388.94]
[89679.92;14973.050000000001],[89635.59;15000.27],[89700.39;14960.48]
[89683.74;15191.15],[89721.51;15213.09],[89648.56;15181.26]
[89700.39;14960.48],[89679.92;14973.050000000001],[89706.33;14956.83]
[89705.42;15295.85],[89662.0;15324.0],[89722.49;15265.98]
[89705.61;14280.73],[89635.75;14284.9],[89828.62;14273.380000000001]
[89706.33;14956.83],[89700.39;14960.48],[89722.35;14947.0]
[89710.53;15137.11],[89721.51;15213.09],[89733.08;15083.68]
[89714.0;10017.65],[89653.40000000001;10094.6],[89726.83;9995.75]
[89720.31;10469.99],[89770.19;10502.960000000001],[89589.73;10362.61]
[89721.51;15213.09],[89722.49;15265.98],[89683.74;15191.15],[89710.53;15137.11]
[89722.35;14947.0],[89706.33;14956.83],[89734.87;14932.07]
[89722.49;15265.98],[89705.42;15295.85],[89721.51;15213.09]
[89726.83;9995.75],[89714.0;10017.65],[89739.7;9973.79]
[89733.08;15083.68],[89710.53;15137.11],[89751.0;15062.0]
[89734.87;14932.07],[89722.35;14947.0],[89738.81;14927.37]
[89738.81;14927.37],[89734.87;14932.07],[89750.57;14913.34]
[89739.7;9973.79],[89726.83;9995.75],[89741.14;9971.33]
[89741.14;9971.33],[89739.7;9973.79],[89776.6;9910.83]
[89742.0;10321.0],[89744.25;10320.26]
[89744.25;10320.26],[89754.95;10316.74],[89742.0;10321.0]
[89750.57;14913.34],[89738.81;14927.37],[89785.36;14871.86]
[89751.0;15062.0],[89733.08;15083.68],[89752.66;15060.84]
[89752.66;15060.84],[89751.0;15062.0],[89887.72;14966.2]
[89754.95;10316.74],[89756.25;10316.31],[89744.25;10320.26]
[89756.25;10316.31],[89781.64;10340.04],[89754.95;10316.74]
[89770.19;10502.960000000001],[89800.93000000001;10523.29],[89720.31;10469.99]
[89776.6;9910.83],[89741.14;9971.33],[89802.0;9905.91]
[89781.64;10340.04],[89818.0;10374.0],[89756.25;10316.31]
[89785.36;14871.86],[89750.57;14913.34],[89793.23;14862.470000000001]
[89793.23;14862.470000000001],[89785.36;14871.86],[89795.8;14864.12]
[89795.8;14864.12],[89793.23;14862.470000000001],[89799.13;14866.27]
[89799.13;14866.27],[89795.8;14864.12],[89805.45;14870.33]
[89800.93000000001;10523.29],[89849.81;10555.6],[89770.19;10502.960000000001]
[89802.0;9905.91],[89776.6;9910.83],[89848.67;9930.82]
[89805.45;14870.33],[89799.13;14866.27],[89825.38;14907.48]
[89811.3;10284.54],[89825.47;10300.51]
[89818.0;10374.0],[89781.64;10340.04],[89819.35;10352.1],[89838.41;10433.95]
[89819.35;10352.1],[89824.07;10343.82],[89818.0;10374.0]
[89824.07;10343.82],[89839.64;10316.47],[89819.35;10352.1]
[89825.0;10165.0],[89827.01;10173.35]
[89825.38;14907.48],[89805.45;14870.33],[89833.25;14908.69]
[89825.47;10300.51],[89839.64;10316.47],[89811.3;10284.54]
[89827.01;10173.35],[89825.0;10165.0],[89843.18000000001;10240.62]
[89828.62;14273.380000000001],[89705.61;14280.73],[89848.05;14298.970000000001],[89855.45;14271.86]
[89833.25;14908.69],[89825.38;14907.48],[89865.84;14913.64]
[89838.36;10495.87],[89847.07;10527.710000000001],[89844.43000000001;10451.62]
[89838.41;10433.95],[89818.0;10374.0],[89844.43000000001;10451.62]
[89839.64;10316.47],[89825.47;10300.51],[89824.07;10343.82],[89845.55;10289.37],[89846.09;10313.06]
[89843.18000000001;10240.62],[89827.01;10173.35],[89847.17;10257.24]
[89844.43000000001;10451.62],[89838.41;10433.95],[89838.36;10495.87]
[89845.55;10289.37],[89848.11;10277.65],[89839.64;10316.47]
[89846.09;10313.06],[89889.48;10290.08],[89839.64;10316.47]
[89847.07;10527.710000000001],[89838.36;10495.87],[89855.77;10559.54]
[89847.17;10257.24],[89843.18000000001;10240.62],[89848.35;10262.130000000001]
[89848.05;14298.970000000001],[89828.62;14273.380000000001],[89849.06;14309.99]
[89848.11;10277.65],[89850.0;10269.0],[89845.55;10289.37]
[89848.35;10262.130000000001],[89847.17;10257.24],[89850.0;10269.0]
[89848.67;9930.82],[89802.0;9905.91],[89979.03;9939.39]
[89849.06;14309.99],[89848.05;14298.970000000001],[89853.0;14353.0]
[89849.81;10555.6],[89855.77;10559.54],[89800.93000000001;10523.29]
[89850.0;10269.0],[89848.35;10262.130000000001],[89848.11;10277.65]
[89853.0;14353.0],[89849.06;14309.99],[89867.65000000001;14311.67],[89856.99;14446.34]
[89855.45;14271.86],[89882.29000000001;14270.34],[89828.62;14273.380000000001]
[89855.77;10559.54],[89847.07;10527.710000000001],[89875.43000000001;10631.58],[89849.81;10555.6]
[89856.99;14446.34],[89853.0;14353.0],[89857.88;14467.17]
[89857.88;14467.17],[89856.99;14446.34],[89858.6;14484.08]
[89858.6;14484.08],[89857.88;14467.17],[89860.98;14539.68]
[89860.98;14539.68],[89656.59;14598.82],[89863.0;14563.0],[89858.6;14484.08]
[89863.0;14563.0],[89860.98;14539.68],[89953.7;14649.9]
[89865.84;14913.64],[89870.44;14924.7],[89833.25;14908.69]
[89867.65000000001;14311.67],[89853.0;14353.0],[89882.29000000001;14270.34]
[89870.44;14924.7],[89887.72;14966.2],[89865.84;14913.64]
[89875.43000000001;10631.58],[89855.77;10559.54],[89884.0;10663.0]
[89882.29000000001;14270.34],[89855.45;14271.86],[89867.65000000001;14311.67],[89914.89;14199.74]
[89884.0;10663.0],[89875.43000000001;10631.58],[89894.0;10675.0]
[89887.72;14966.2],[89752.66;15060.84],[89870.44;14924.7],[89896.67;14958.53]
[89889.48;10290.08],[89903.97;10282.41],[89846.09;10313.06]
[89894.0;10675.0],[89884.0;10663.0],[89920.0;10680.0]
[89896.67;14958.53],[89908.33;14910.76],[89887.72;14966.2]
[89903.54000000001;13934.94],[89924.1;13972.49]
[89903.97;10282.41],[89908.6;10270.86],[89889.48;10290.08]
[89908.33;14910.76],[89921.0;14811.0],[89896.67;14958.53]
[89908.6;10270.86],[89908.89;10270.15],[89903.97;10282.41]
[89908.89;10270.15],[89918.92;10245.14],[89908.6;10270.86]
[89914.89;14199.74],[89882.29000000001;14270.34],[89921.8;14151.48]
[89918.92;10245.14],[89928.13;10222.17],[89908.89;10270.15]
[89919.99;10786.45],[89978.84;10709.0]
[89920.0;10680.0],[89894.0;10675.0],[89936.92;10677.5],[89941.44;10664.57]
[89921.0;14811.0],[89943.0;14765.0],[89908.33;14910.76]
[89921.8;14151.48],[89914.89;14199.74],[89922.41;14103.84]
[89922.41;14103.84],[89921.8;14151.48],[89924.1;13972.49]
[89924.1;13972.49],[89922.41;14103.84],[89903.54000000001;13934.94]
[89928.13;10222.17],[89966.93000000001;10197.87],[89918.92;10245.14]
[89936.92;10677.5],[89920.0;10680.0],[89944.46;10673.36]
[89941.44;10664.57],[89920.0;10680.0],[89945.0;10662.0]
[89943.0;14765.0],[89967.77;14737.53],[89921.0;14811.0]
[89944.46;10673.36],[89936.92;10677.5],[89967.0;10661.0]
[89945.0;10662.0],[89941.44;10664.57],[89967.0;10661.0]
[89953.7;14649.9],[89863.0;14563.0],[89961.35;14663.51]
[89961.35;14663.51],[89953.7;14649.9],[89977.67;14692.54]
[89966.93000000001;10197.87],[90009.03;10192.66],[89928.13;10222.17]
[89967.0;10661.0],[89944.46;10673.36],[89945.0;10662.0],[90009.0;10654.630000000001]
[89967.77;14737.53],[89969.0;14736.16],[89943.0;14765.0]
[89969.0;14736.16],[89974.46;14730.1],[89967.77;14737.53]
[89974.46;14730.1],[89978.94;14725.14],[89969.0;14736.16]
[89977.67;14692.54],[89961.35;14663.51],[89984.05;14703.89]
[89978.84;10709.0],[89991.0;10693.0],[89919.99;10786.45]
[89978.94;14725.14],[89981.48;14714.56],[89974.46;14730.1]
[89979.03;9939.39],[89848.67;9930.82],[90013.89;9933.22]
[89981.48;14714.56],[89981.97;14712.53],[89978.94;14725.14]
[89981.97;14712.53],[89982.32;14711.06],[89981.48;14714.56]
[89982.32;14711.06],[89984.05;14703.89],[89981.97;14712.53]
[89984.05;14703.89],[89977.67;14692.54],[89982.32;14711.06]
[89991.0;10693.0],[90013.0;10674.0],[89978.84;10709.0]
[90009.03;10192.66],[89966.93000000001;10197.87]
[90009.0;10654.630000000001],[89967.0;10661.0],[90051.0;10648.25]
[90013.0;10674.0],[90047.0;10658.0],[89991.0;10693.0]
[90013.89;9933.22],[89979.03;9939.39],[90043.64;9936.04]
[90043.64;9936.04],[90013.89;9933.22],[90082.1;10165.69]
[90047.0;10658.0],[90051.0;10648.25],[90013.0;10674.0]
[90051.0;10648.25],[90047.0;10658.0],[90009.0;10654.630000000001],[90064.76;10649.42],[90053.0;10638.0]
[90053.0;10638.0],[90075.0;10624.0],[90051.0;10648.25]
[90064.76;10649.42],[90067.88;10649.69],[90051.0;10648.25]
[90067.88;10649.69],[90069.95;10649.86],[90064.76;10649.42]
[90068.0;10523.0],[90068.36;10519.550000000001],[90081.0;10613.0]
[90068.36;10519.550000000001],[90072.0;10485.0],[90068.0;10523.0]
[90069.95;10649.86],[90073.47;10650.16],[90067.88;10649.69]
[90072.0;10485.0],[90096.65000000001;10401.25],[90068.36;10519.550000000001]
[90073.47;10650.16],[90075.58;10650.34],[90069.95;10649.86]
[90075.0;10624.0],[90081.0;10613.0],[90053.0;10638.0]
[90075.58;10650.34],[90084.75;10651.130000000001],[90073.47;10650.16]
[90081.0;10613.0],[90068.0;10523.0],[90075.0;10624.0]
[90082.1;10165.69],[90043.64;9936.04],[90094.24;10190.15]
[90084.75;10651.130000000001],[90113.29000000001;10651.79],[90101.0;10640.0],[90075.58;10650.34]
[90092.0;10312.0],[90094.24;10190.15],[90102.78;10380.41]
[90094.24;10190.15],[90082.1;10165.69],[90092.0;10312.0]
[90096.65000000001;10401.25],[90097.95;10396.83],[90072.0;10485.0]
[90097.95;10396.83],[90102.78;10380.41],[90096.65000000001;10401.25]
[90101.0;10640.0],[90084.75;10651.130000000001],[90110.90000000001;10614.83]
[90102.78;10380.41],[90097.95;10396.83],[90092.0;10312.0]
[90107.0;10501.0],[90121.0;10448.0],[90107.21;10507.74]
[90107.21;10507.74],[90107.0;10501.0],[90108.31;10542.34]
[90108.31;10542.34],[90107.21;10507.74],[90111.0;10549.0]
[90110.90000000001;10614.83],[90101.0;10640.0],[90121.87;10586.92]
[90111.0;10549.0],[90108.31;10542.34],[90129.34;10556.35]
[90113.29000000001;10651.79],[90141.82;10652.45],[90084.75;10651.130000000001]
[90121.0;10448.0],[90107.0;10501.0],[90127.13;10428.58],[90165.33;10463.1]
[90121.28;10686.74],[90122.83;10685.59],[90126.59;10694.45]
[90121.87;10586.92],[90110.90000000001;10614.83],[90124.86;10579.33]
[90122.83;10685.59],[90143.90000000001;10670.03],[90121.28;10686.74]
[90124.86;10579.33],[90121.87;10586.92],[90128.0;10571.33]
[90126.59;10694.45],[90121.28;10686.74],[90127.31;10695.49]
[90127.13;10428.58],[90121.0;10448.0],[90133.25;10409.15]
[90127.31;10695.49],[90126.59;10694.45],[90137.94;10710.91]
[90128.0;10571.33],[90124.86;10579.33],[90128.67;10563.84],[90146.91;10609.82]
[90128.67;10563.84],[90128.0;10571.33],[90129.34;10556.35]
[90129.34;10556.35],[90111.0;10549.0],[90128.67;10563.84],[90144.66;10548.15]
[90133.25;10409.15],[90127.13;10428.58]
[90137.94;10710.91],[90127.31;10695.49],[90150.47;10690.95],[90160.47;10725.2]
[90141.82;10652.45],[90113.29000000001;10651.79]
[90143.90000000001;10670.03],[90144.33;10669.710000000001],[90122.83;10685.59]
[90144.33;10669.710000000001],[90148.0;10667.0],[90143.90000000001;10670.03]
[90144.66;10548.15],[90129.34;10556.35],[90146.86;10546.97]
[90146.86;10546.97],[90144.66;10548.15],[90164.38;10537.6]
[90146.91;10609.82],[90147.53;10611.09],[90128.0;10571.33]
[90147.53;10611.09],[90150.27;10616.66],[90146.91;10609.82]
[90148.0;10667.0],[90144.33;10669.710000000001],[90148.89;10650.6],[90155.5;10669.0]
[90148.89;10650.6],[90148.0;10667.0],[90149.34;10642.34]
[90149.34;10642.34],[90148.89;10650.6],[90150.69;10617.52]
[90150.27;10616.66],[90150.69;10617.52],[90147.53;10611.09]
[90150.47;10690.95],[90153.79000000001;10685.67],[90137.94;10710.91]
[90150.69;10617.52],[90149.34;10642.34],[90150.27;10616.66]
[90153.79000000001;10685.67],[90155.96;10682.2],[90150.47;10690.95]
[90155.5;10669.0],[90163.0;10671.0],[90148.0;10667.0]
[90155.96;10682.2],[90163.0;10671.0],[90153.79000000001;10685.67]
[90156.64;10506.630000000001],[90195.37;10505.300000000001]
[90160.47;10725.2],[90137.94;10710.91],[90161.71;10725.99]
[90161.71;10725.99],[90160.47;10725.2],[90187.07;10742.07]
[90163.0;10671.0],[90155.96;10682.2],[90155.5;10669.0],[90170.83;10654.550000000001]
[90164.38;10537.6],[90146.86;10546.97],[90175.06;10552.49],[90192.75;10533.07]
[90165.33;10463.1],[90121.0;10448.0],[90166.5;10463.5]
[90166.5;10463.5],[90165.33;10463.1],[90177.55;10467.26]
[90170.83;10654.550000000001],[90178.67;10638.1],[90163.0;10671.0]
[90175.06;10552.49],[90164.38;10537.6],[90185.73;10567.39]
[90177.55;10467.26],[90166.5;10463.5],[90212.0;10479.0]
[90178.67;10638.1],[90186.78;10616.050000000001],[90170.83;10654.550000000001]
[90185.35;10861.18],[90187.2;10855.85]
[90185.73;10567.39],[90175.06;10552.49],[90193.14;10582.42],[90207.22;10546.95]
[90186.78;10616.050000000001],[90189.0;10610.0],[90178.67;10638.1]
[90187.07;10742.07],[90161.71;10725.99],[90190.29000000001;10773.51]
[90187.2;10855.85],[90196.1;10830.28],[90185.35;10861.18]
[90189.0;10610.0],[90200.55;10597.45],[90186.78;10616.050000000001]
[90190.29000000001;10773.51],[90187.07;10742.07],[90192.97;10799.76]
[90192.75;10533.07],[90164.38;10537.6],[90221.12;10528.550000000001]
[90192.97;10799.76],[90190.29000000001;10773.51],[90196.1;10830.28]
[90193.14;10582.42],[90185.73;10567.39],[90195.8;10587.82]
[90195.37;10505.300000000001],[90156.64;10506.630000000001],[90207.92;10504.87]
[90195.8;10587.82],[90193.14;10582.42],[90198.7;10593.7]
[90196.1;10830.28],[90192.97;10799.76],[90187.2;10855.85]
[90198.7;10593.7],[90195.8;10587.82],[90200.55;10597.45]
[90200.55;10597.45],[90189.0;10610.0],[90198.7;10593.7],[90229.77;10569.22]
[90207.22;10546.95],[90207.59;10546.89],[90185.73;10567.39]
[90207.59;10546.89],[90221.25;10544.76],[90207.22;10546.95]
[90207.92;10504.87],[90195.37;10505.300000000001],[90212.0;10479.0]
[90212.0;10479.0],[90207.92;10504.87],[90255.88;10486.9],[90177.55;10467.26]
[90221.12;10528.550000000001],[90192.75;10533.07],[90221.25;10544.76],[90242.16;10528.960000000001]
[90221.25;10544.76],[90221.12;10528.550000000001],[90207.59;10546.89]
[90229.77;10569.22],[90259.0;10541.0],[90200.55;10597.45]
[90242.16;10528.960000000001],[90221.12;10528.550000000001],[90244.0;10529.0]
[90244.0;10529.0],[90242.16;10528.960000000001],[90259.0;10541.0]
[90255.88;10486.9],[90212.0;10479.0],[90268.43000000001;10481.14]
[90259.0;10541.0],[90229.77;10569.22],[90244.0;10529.0],[90265.5;10538.0]
[90265.5;10538.0],[90272.0;10535.0],[90259.0;10541.0]
[90268.43000000001;10481.14],[90255.88;10486.9],[90284.0;10474.0]
[90268.46;10579.03],[90272.62;10577.15]
[90272.0;10535.0],[90265.5;10538.0],[90281.0;10518.0],[90294.5;10533.0]
[90272.62;10577.15],[90268.46;10579.03],[90273.65000000001;10576.68]
[90273.65000000001;10576.68],[90272.62;10577.15],[90285.31;10571.4]
[90281.0;10518.0],[90272.0;10535.0],[90294.89;10507.130000000001]
[90284.0;10474.0],[90268.43000000001;10481.14],[90323.94;10484.4]
[90285.31;10571.4],[90273.65000000001;10576.68],[90288.90000000001;10569.77]
[90288.90000000001;10569.77],[90285.31;10571.4],[90302.39;10563.66]
[90294.5;10533.0],[90317.0;10531.0],[90272.0;10535.0]
[90294.89;10507.130000000001],[90281.0;10518.0],[90323.94;10484.4]
[90302.39;10563.66],[90288.90000000001;10569.77],[90322.90000000001;10562.79]
[90317.0;10531.0],[90294.5;10533.0],[90331.5;10525.0],[90341.82;10536.97]
[90322.90000000001;10562.79],[90302.39;10563.66],[90335.97;10562.23]
[90323.94;10484.4],[90284.0;10474.0],[90294.89;10507.130000000001],[90330.97;10479.2]
[90330.97;10479.2],[90323.94;10484.4],[90338.0;10474.0]
[90331.5;10525.0],[90317.0;10531.0],[90346.0;10519.0]
[90335.97;10562.23],[90322.90000000001;10562.79],[90339.58;10562.08]
[90338.0;10474.0],[90342.0;10496.5],[90330.97;10479.2],[90345.41;10474.28]
[90339.58;10562.08],[90335.97;10562.23],[90342.09;10561.97]
[90341.82;10536.97],[90366.65000000001;10542.94],[90317.0;10531.0]
[90342.09;10561.97],[90339.58;10562.08],[90361.82;10561.130000000001]
[90342.0;10496.5],[90346.0;10519.0],[90338.0;10474.0]
[90345.41;10474.28],[90338.0;10474.0],[90349.7;10474.44]
[90346.0;10519.0],[90331.5;10525.0],[90342.0;10496.5],[90355.74;10518.62]
[90349.7;10474.44],[90345.41;10474.28],[90356.94;10474.72]
[90355.74;10518.62],[90346.0;10519.0],[90365.47;10518.24]
[90356.94;10474.72],[90349.7;10474.44],[90364.43000000001;10475.0]
[90361.82;10561.130000000001],[90342.09;10561.97],[90366.65000000001;10542.94]
[90364.43000000001;10475.0],[90356.94;10474.72],[90404.0;10476.5]
[90365.47;10518.24],[90355.74;10518.62],[90378.94;10517.62]
[90366.65000000001;10542.94],[90361.82;10561.130000000001],[90341.82;10536.97],[90376.23;10544.77]
[90376.23;10544.77],[90385.8;10546.6],[90366.65000000001;10542.94]
[90378.94;10517.62],[90365.47;10518.24],[90392.40000000001;10517.0]
[90385.8;10546.6],[90376.23;10544.77],[90389.1;10531.800000000001],[90443.51;10567.16]
[90389.1;10531.800000000001],[90385.8;10546.6],[90392.40000000001;10517.0]
[90392.40000000001;10517.0],[90378.94;10517.62],[90389.1;10531.800000000001],[90423.74;10522.08]
[90404.0;10476.5],[90364.43000000001;10475.0],[90470.0;10479.0]
[90423.74;10522.08],[90392.40000000001;10517.0],[90441.7;10525.0]
[90441.7;10525.0],[90423.74;10522.08],[90462.67;10528.4]
[90443.51;10567.16],[90475.6;10578.6],[90385.8;10546.6]
[90462.67;10528.4],[90441.7;10525.0],[90463.03;10528.460000000001]
[90463.03;10528.460000000001],[90462.67;10528.4],[90491.0;10533.0]
[90470.0;10479.0],[90404.0;10476.5],[90472.09;10447.35]
[90472.09;10447.35],[90470.0;10479.0],[90472.39;10442.89]
[90472.39;10442.89],[90472.09;10447.35],[90499.0;10437.0]
[90475.6;10578.6],[90498.40000000001;10593.4],[90443.51;10567.16]
[90491.0;10533.0],[90510.5;10537.5],[90493.88;10506.050000000001],[90463.03;10528.460000000001]
[90492.04000000001;10420.02],[90495.52;10428.51],[90497.13;10416.19]
[90493.88;10506.050000000001],[90491.0;10533.0],[90496.75;10479.1]
[90495.52;10428.51],[90499.0;10437.0],[90492.04000000001;10420.02]
[90496.75;10479.1],[90493.88;10506.050000000001],[90510.40000000001;10481.9],[90497.88;10458.050000000001]
[90497.13;10416.19],[90492.04000000001;10420.02],[90502.23;10412.35]
[90497.88;10458.050000000001],[90496.75;10479.1],[90499.0;10437.0]
[90498.40000000001;10593.4],[90511.7;10572.0],[90579.1;10646.37],[90475.6;10578.6]
[90499.0;10437.0],[90472.39;10442.89],[90495.52;10428.51],[90497.88;10458.050000000001]
[90502.23;10412.35],[90533.82;10340.91],[90497.13;10416.19],[90518.15000000001;10409.5]
[90510.40000000001;10481.9],[90496.75;10479.1],[90524.05;10484.7]
[90510.5;10537.5],[90491.0;10533.0],[90530.0;10542.0]
[90511.7;10572.0],[90498.40000000001;10593.4],[90525.0;10550.6]
[90518.15000000001;10409.5],[90502.23;10412.35],[90536.15000000001;10430.6]
[90524.05;10484.7],[90510.40000000001;10481.9],[90545.66;10490.18]
[90525.0;10550.6],[90511.7;10572.0],[90549.0;10589.0],[90527.5;10546.300000000001]
[90527.5;10546.300000000001],[90525.0;10550.6],[90530.0;10542.0]
[90530.0;10542.0],[90510.5;10537.5],[90527.5;10546.300000000001],[90579.0;10553.5]
[90533.82;10340.91],[90502.23;10412.35],[90540.34;10326.16]
[90536.15000000001;10430.6],[90518.15000000001;10409.5],[90536.65000000001;10430.7]
[90536.65000000001;10430.7],[90536.15000000001;10430.6],[90567.25;10437.1]
[90540.34;10326.16],[90533.82;10340.91],[90561.69;10311.4]
[90545.66;10490.18],[90524.05;10484.7],[90567.26;10495.65]
[90549.0;10589.0],[90525.0;10550.6],[90556.51;10594.1]
[90556.51;10594.1],[90549.0;10589.0],[90601.5;10624.62]
[90561.69;10311.4],[90540.34;10326.16],[90597.49;10315.45]
[90567.25;10437.1],[90536.65000000001;10430.7],[90579.68000000001;10432.77]
[90567.26;10495.65],[90545.66;10490.18],[90598.35;10503.300000000001]
[90579.0;10553.5],[90530.0;10542.0],[90628.0;10565.0]
[90579.1;10646.37],[90498.40000000001;10593.4],[90609.0;10666.0]
[90579.68000000001;10432.77],[90567.25;10437.1]
[90597.49;10315.45],[90561.69;10311.4]
[90598.35;10503.300000000001],[90567.26;10495.65],[90613.75;10499.6]
[90601.5;10624.62],[90556.51;10594.1]
[90609.0;10666.0],[90579.1;10646.37],[90643.0;10677.0]
[90613.08;10613.15],[90613.86;10635.07],[90628.0;10565.0]
[90613.75;10499.6],[90598.35;10503.300000000001],[90619.94;10492.14]
[90613.86;10635.07],[90614.0;10639.0],[90613.08;10613.15]
[90614.0;10639.0],[90641.0;10668.0],[90613.86;10635.07]
[90619.94;10492.14],[90613.75;10499.6],[90644.75;10462.2]
[90628.0;10565.0],[90579.0;10553.5],[90613.08;10613.15],[90656.0;10558.0]
[90641.0;10668.0],[90668.0;10678.0],[90614.0;10639.0]
[90643.0;10677.0],[90609.0;10666.0],[90668.0;10678.0]
[90644.75;10462.2],[90619.94;10492.14],[90662.45;10456.300000000001]
[90656.0;10558.0],[90628.0;10565.0],[90704.28;10520.14]
[90662.45;10456.300000000001],[90644.75;10462.2]
[90668.0;10678.0],[90643.0;10677.0],[90641.0;10668.0],[90718.5;10680.0]
[90704.28;10520.14],[90656.0;10558.0],[90744.0;10489.0]
[90718.41;10382.16],[90722.90000000001;10371.300000000001]
[90718.5;10680.0],[90668.0;10678.0],[90769.0;10682.0]
[90722.90000000001;10371.300000000001],[90718.41;10382.16],[90732.38;10365.050000000001]
[90732.38;10365.050000000001],[90722.90000000001;10371.300000000001],[90750.05;10353.380000000001]
[90742.08;10428.4],[90754.66;10442.53]
[90744.0;10489.0],[90704.28;10520.14],[90767.23;10456.66]
[90750.05;10353.380000000001],[90732.38;10365.050000000001],[90759.47;10347.17]
[90754.66;10442.53],[90767.23;10456.66],[90742.08;10428.4]
[90759.47;10347.17],[90750.05;10353.380000000001],[90787.0;10329.0]
[90767.23;10456.66],[90754.66;10442.53],[90779.11;10442.33],[90744.0;10489.0]
[90769.0;10682.0],[90718.5;10680.0],[90781.0;10670.0],[90791.0;10692.0]
[90776.0;10307.0],[90776.0;10319.0],[90806.88;10262.76]
[90776.0;10319.0],[90787.0;10329.0],[90776.0;10307.0]
[90779.11;10442.33],[90767.23;10456.66],[90791.0;10428.0]
[90781.0;10670.0],[90769.0;10682.0],[90793.0;10658.0]
[90787.0;10329.0],[90759.47;10347.17],[90776.0;10319.0],[90807.5;10336.0]
[90791.0;10428.0],[90779.11;10442.33],[90809.5;10385.5],[90807.5;10442.5]
[90791.0;10692.0],[90769.0;10682.0],[90813.0;10702.0]
[90793.0;10658.0],[90781.0;10670.0],[90793.5;10644.5],[90818.47;10634.0]
[90793.5;10644.5],[90793.0;10658.0],[90794.0;10631.0]
[90794.0;10631.0],[90793.5;10644.5],[90795.0;10617.0]
[90795.0;10617.0],[90794.0;10631.0],[90805.86;10593.33]
[90805.86;10593.33],[90795.0;10617.0],[90822.58;10556.91]
[90806.88;10262.76],[90776.0;10307.0],[90809.01;10259.72]
[90807.5;10336.0],[90787.0;10329.0],[90828.0;10343.0]
[90807.5;10442.5],[90824.0;10457.0],[90791.0;10428.0]
[90809.01;10259.72],[90806.88;10262.76],[90813.0;10254.0]
[90809.5;10385.5],[90791.0;10428.0],[90828.0;10343.0]
[90813.0;10254.0],[90809.01;10259.72],[90840.94;10181.65]
[90813.0;10702.0],[90791.0;10692.0],[90821.36;10706.7],[90816.61;10697.86]
[90816.61;10697.86],[90813.0;10702.0],[90837.0;10674.5]
[90818.47;10634.0],[90793.0;10658.0],[90843.94;10610.0]
[90821.0;10480.0],[90834.51;10487.550000000001],[90822.93000000001;10475.32]
[90821.36;10706.7],[90813.0;10702.0],[90829.73;10711.4]
[90822.58;10556.91],[90805.86;10593.33]
[90822.93000000001;10475.32],[90821.0;10480.0],[90828.0;10463.0]
[90824.0;10457.0],[90807.5;10442.5],[90828.0;10463.0],[90851.0;10451.0]
[90828.0;10343.0],[90807.5;10336.0],[90809.5;10385.5],[90864.88;10318.67]
[90828.0;10463.0],[90822.93000000001;10475.32],[90824.0;10457.0]
[90829.73;10711.4],[90821.36;10706.7],[90902.05;10753.72],[90861.91;10776.99]
[90834.51;10487.550000000001],[90821.0;10480.0]
[90837.0;10674.5],[90816.61;10697.86],[90861.0;10647.0]
[90840.94;10181.65],[90813.0;10254.0],[90877.40000000001;10195.06],[90879.09;9999.02]
[90843.94;10610.0],[90818.47;10634.0],[90851.56;10595.960000000001]
[90850.13;11681.01],[90851.0;11663.19],[90864.40000000001;11719.7]
[90851.0;10451.0],[90824.0;10457.0],[90878.08;10425.7]
[90851.0;11663.19],[90867.07;11650.79],[90850.13;11681.01]
[90851.56;10595.960000000001],[90843.94;10610.0],[90853.78;10591.85]
[90853.78;10591.85],[90851.56;10595.960000000001],[90891.67;10521.99]
[90854.0;11736.1],[90864.40000000001;11719.7]
[90861.0;10647.0],[90837.0;10674.5],[90873.0;10657.0]
[90861.91;10776.99],[90829.73;10711.4],[90883.99;10821.99]
[90864.40000000001;11719.7],[90850.13;11681.01],[90854.0;11736.1]
[90864.88;10318.67],[90901.77;10294.34],[90828.0;10343.0]
[90865.0;10705.0],[90879.28;10687.32]
[90867.07;11650.79],[90880.84;11640.16],[90851.0;11663.19]
[90873.0;10657.0],[90861.0;10647.0],[90885.0;10667.0]
[90877.40000000001;10195.06],[90840.94;10181.65],[90911.26;10198.550000000001]
[90878.08;10425.7],[90851.0;10451.0],[90925.36;10381.52]
[90879.09;9999.02],[90840.94;10181.65],[90951.42;9875.36]
[90879.28;10687.32],[90886.0;10679.0],[90865.0;10705.0]
[90880.84;11640.16],[90912.42;11630.880000000001],[90867.07;11650.79]
[90883.99;10821.99],[90861.91;10776.99],[90899.62;10838.76]
[90884.25;11152.86],[90911.58;11108.210000000001]
[90885.0;10667.0],[90873.0;10657.0],[90886.0;10679.0],[90908.0;10685.0]
[90886.0;10679.0],[90885.0;10667.0],[90879.28;10687.32]
[90891.67;10521.99],[90853.78;10591.85],[90896.72;10516.53]
[90892.40000000001;11574.7],[90897.40000000001;11580.7],[90897.6;11557.37]
[90894.0;10981.0],[90930.0;10973.0],[90895.25;10982.87]
[90895.25;10982.87],[90894.0;10981.0],[90898.0;10987.0]
[90896.72;10516.53],[90891.67;10521.99],[90907.23;10505.16]
[90897.40000000001;11580.7],[90921.0;11578.1],[90892.40000000001;11574.7]
[90897.6;11557.37],[90892.40000000001;11574.7],[90898.1;11555.710000000001]
[90898.0;10987.0],[90895.25;10982.87],[90938.0;10997.0]
[90898.1;11555.710000000001],[90897.6;11557.37],[90923.09;11472.380000000001]
[90899.62;10838.76],[90883.99;10821.99]
[90901.77;10294.34],[90864.88;10318.67],[90910.1;10210.18],[90924.09;10290.67]
[90902.05;10753.72],[90829.73;10711.4],[90925.92;10767.69]
[90905.0;11353.0],[90934.0;11436.0],[90913.69;11318.130000000001]
[90907.23;10505.16],[90896.72;10516.53],[90928.02;10488.97]
[90908.0;10685.0],[90931.61;10694.72],[90885.0;10667.0]
[90910.1;10210.18],[90911.26;10198.550000000001],[90901.77;10294.34]
[90911.26;10198.550000000001],[90877.40000000001;10195.06],[90910.1;10210.18]
[90911.34;11097.72],[90918.22;11082.49],[90911.58;11108.210000000001]
[90911.58;11108.210000000001],[90911.34;11097.72],[90884.25;11152.86]
[90912.42;11630.880000000001],[90940.40000000001;11591.300000000001],[90880.84;11640.16]
[90913.69;11318.130000000001],[90922.66;11295.61],[90916.55;11319.18],[90905.0;11353.0]
[90915.5;10733.5],[90942.0;10699.0]
[90916.55;11319.18],[90913.69;11318.130000000001],[90938.07;11327.07]
[90918.22;11082.49],[90927.09;11062.880000000001],[90911.34;11097.72]
[90921.0;11578.1],[90940.40000000001;11591.300000000001],[90897.40000000001;11580.7]
[90922.66;11295.61],[90913.69;11318.130000000001],[90931.63;11273.09]
[90923.09;11472.380000000001],[90898.1;11555.710000000001],[90934.0;11436.0]
[90924.09;10290.67],[90946.40000000001;10287.0],[90901.77;10294.34]
[90925.36;10381.52],[90878.08;10425.7]
[90925.92;10767.69],[90902.05;10753.72],[90948.0;10772.0]
[90926.28;10822.1],[90956.61;10797.25]
[90927.09;11062.880000000001],[90928.94;11058.800000000001],[90918.22;11082.49]
[90928.02;10488.97],[90907.23;10505.16],[90989.63;10466.09]
[90928.94;11058.800000000001],[90951.0;11010.0],[90927.09;11062.880000000001]
[90930.0;10973.0],[90947.47;10954.49],[90894.0;10981.0]
[90931.61;10694.72],[90942.0;10699.0],[90908.0;10685.0]
[90931.63;11273.09],[90958.0;11208.0],[90922.66;11295.61],[90933.55;11274.58]
[90933.55;11274.58],[90951.96;11288.81],[90931.63;11273.09]
[90934.0;11436.0],[90923.09;11472.380000000001],[90905.0;11353.0]
[90938.07;11327.07],[90916.55;11319.18],[90944.85;11308.4]
[90938.0;10997.0],[90898.0;10987.0],[90951.0;11010.0]
[90940.40000000001;11591.300000000001],[90921.0;11578.1],[90912.42;11630.880000000001],[91043.8;11659.300000000001]
[90942.0;10699.0],[90915.5;10733.5],[90931.61;10694.72]
[90944.85;11308.4],[90938.07;11327.07],[90951.96;11288.81]
[90946.40000000001;10287.0],[90924.09;10290.67],[90980.85;10321.32],[90993.0;10250.0]
[90947.47;10954.49],[90930.0;10973.0]
[90948.0;10772.0],[90925.92;10767.69],[90981.39;10767.91]
[90951.0;11010.0],[90938.0;10997.0],[91014.05;11015.380000000001],[90928.94;11058.800000000001]
[90951.42;9875.36],[90879.09;9999.02],[90994.09;9802.42]
[90951.96;11288.81],[90944.85;11308.4],[90933.55;11274.58]
[90956.61;10797.25],[90973.24;10783.64],[90926.28;10822.1]
[90958.0;11208.0],[90931.63;11273.09],[91015.52;11155.44]
[90973.24;10783.64],[90979.97;10770.64],[90956.61;10797.25]
[90979.97;10770.64],[90981.39;10767.91],[90973.24;10783.64]
[90980.85;10321.32],[90988.51;10328.94],[90946.40000000001;10287.0]
[90981.39;10767.91],[90948.0;10772.0],[90979.97;10770.64],[91055.87;10768.98]
[90988.51;10328.94],[90989.39;10329.82],[90980.85;10321.32]
[90989.39;10329.82],[90998.0;10338.4],[90988.51;10328.94]
[90989.63;10466.09],[90928.02;10488.97]
[90993.0;10250.0],[91036.0;10189.0],[90946.40000000001;10287.0]
[90994.09;9802.42],[90951.42;9875.36],[91027.69;9772.42]
[90998.0;10338.4],[91044.0;10336.800000000001],[90989.39;10329.82]
[91014.05;11015.380000000001],[90951.0;11010.0],[91077.1;11020.76]
[91015.52;11155.44],[90958.0;11208.0],[91016.0;11155.0]
[91016.0;11155.0],[91015.52;11155.44],[91077.1;11020.76]
[91027.19;12627.57],[91106.8;12611.800000000001]
[91027.69;9772.42],[90994.09;9802.42],[91030.41;9763.78]
[91030.41;9763.78],[91027.69;9772.42],[91032.15000000001;9758.26]
[91032.15000000001;9758.26],[91030.41;9763.78],[91038.09;9739.42]
[91036.0;10189.0],[91128.23;10220.86],[90993.0;10250.0]
[91038.09;9739.42],[91032.15000000001;9758.26],[91121.09;9596.02]
[91043.8;11659.300000000001],[91123.17;11689.89],[90940.40000000001;11591.300000000001]
[91044.0;10336.800000000001],[90998.0;10338.4]
[91055.87;10768.98],[90981.39;10767.91],[91057.0;10769.0]
[91057.0;10769.0],[91055.87;10768.98],[91123.0;10801.0]
[91077.1;11020.76],[91096.55;10983.380000000001],[91014.05;11015.380000000001],[91016.0;11155.0]
[91095.0;10918.0],[91101.0;10935.0],[91104.74;10877.31]
[91096.55;10983.380000000001],[91077.1;11020.76],[91116.0;10946.0]
[91101.0;10935.0],[91116.0;10946.0],[91095.0;10918.0]
[91104.74;10877.31],[91095.0;10918.0],[91123.0;10801.0]
[91106.8;12611.800000000001],[91128.53;12573.69],[91027.19;12627.57]
[91116.0;10946.0],[91101.0;10935.0],[91096.55;10983.380000000001],[91212.0;11000.0]
[91121.09;9596.02],[91038.09;9739.42]
[91123.0;10801.0],[91104.74;10877.31],[91057.0;10769.0],[91255.0;10857.0]
[91123.17;11689.89],[91182.45;11712.75],[91043.8;11659.300000000001]
[91128.23;10220.86],[91146.0;10227.0],[91036.0;10189.0]
[91128.53;12573.69],[91132.0;12567.6],[91106.8;12611.800000000001]
[91132.0;12567.6],[91194.40000000001;12532.6],[91128.53;12573.69]
[91146.0;10227.0],[91164.62;10227.93],[91128.23;10220.86]
[91164.62;10227.93],[91166.0;10228.0],[91146.0;10227.0]
[91166.0;10228.0],[91253.5;10208.630000000001],[91164.62;10227.93]
[91182.45;11712.75],[91185.42;11713.89],[91123.17;11689.89]
[91185.42;11713.89],[91318.0;11765.0],[91182.45;11712.75]
[91187.0;12173.0],[91200.28;12140.19]
[91194.40000000001;12532.6],[91239.8;12522.69],[91132.0;12567.6]
[91200.28;12140.19],[91210.93000000001;12113.9],[91187.0;12173.0]
[91210.93000000001;12113.9],[91211.32;12112.95],[91200.28;12140.19]
[91211.32;12112.95],[91217.0;12111.0],[91210.93000000001;12113.9]
[91212.0;11000.0],[91225.0;11045.0],[91116.0;10946.0]
[91217.0;12111.0],[91229.47;12081.17],[91263.2;12123.800000000001],[91211.32;12112.95]
[91225.0;11045.0],[91298.0;11044.0],[91212.0;11000.0]
[91229.47;12081.17],[91217.0;12111.0],[91241.93000000001;12051.34]
[91239.8;12522.69],[91248.61;12513.460000000001],[91194.40000000001;12532.6]
[91241.93000000001;12051.34],[91254.47;12005.67],[91253.66;12055.32],[91229.47;12081.17]
[91248.61;12513.460000000001],[91257.43000000001;12504.24],[91239.8;12522.69]
[91253.5;10208.630000000001],[91289.0;10216.0],[91166.0;10228.0]
[91253.66;12055.32],[91241.93000000001;12051.34],[91265.40000000001;12059.300000000001]
[91254.47;12005.67],[91241.93000000001;12051.34],[91267.0;11960.0]
[91255.0;10857.0],[91123.0;10801.0],[91272.86;10859.67]
[91257.43000000001;12504.24],[91270.51;12317.66],[91288.8;12527.6],[91248.61;12513.460000000001]
[91263.2;12123.800000000001],[91309.40000000001;12136.6],[91217.0;12111.0]
[91265.40000000001;12059.300000000001],[91253.66;12055.32],[91273.15000000001;12042.53]
[91267.0;11960.0],[91292.5;11862.5],[91289.27;11966.95],[91254.47;12005.67]
[91270.51;12317.66],[91257.43000000001;12504.24],[91277.0;12225.0]
[91272.86;10859.67],[91255.0;10857.0],[91362.0;10873.0]
[91273.15000000001;12042.53],[91265.40000000001;12059.300000000001],[91280.91;12025.75]
[91277.0;12225.0],[91270.51;12317.66],[91309.40000000001;12136.6]
[91280.91;12025.75],[91273.15000000001;12042.53]
[91284.34;11283.92],[91307.46;11293.54]
[91288.8;12527.6],[91257.43000000001;12504.24],[91304.67;12529.380000000001]
[91289.0;10216.0],[91356.0;10215.0],[91253.5;10208.630000000001]
[91289.27;11966.95],[91311.54000000001;11973.89],[91267.0;11960.0]
[91292.5;11862.5],[91267.0;11960.0],[91318.0;11765.0]
[91294.48;11326.12],[91295.75;11347.43],[91307.46;11293.54]
[91295.75;11347.43],[91359.58;11360.59],[91294.48;11326.12]
[91298.0;11044.0],[91324.90000000001;11053.47],[91225.0;11045.0]
[91304.67;12529.380000000001],[91288.8;12527.6],[91322.93000000001;12531.44]
[91307.46;11293.54],[91294.48;11326.12],[91284.34;11283.92]
[91309.40000000001;12136.6],[91263.2;12123.800000000001],[91277.0;12225.0],[91508.39;12182.01]
[91311.54000000001;11973.89],[91417.25;12010.35],[91289.27;11966.95]
[91315.5;10343.130000000001],[91346.87;10282.14]
[91318.0;11765.0],[91185.42;11713.89],[91351.22;11683.9],[91292.5;11862.5]
[91322.93000000001;12531.44],[91304.67;12529.380000000001],[91378.89;12537.73]
[91324.90000000001;11053.47],[91406.0;11082.0],[91298.0;11044.0]
[91346.87;10282.14],[91349.0;10278.0],[91315.5;10343.130000000001]
[91349.0;10278.0],[91356.0;10252.0],[91346.87;10282.14]
[91351.22;11683.9],[91318.0;11765.0],[91352.0;11682.0]
[91352.0;11682.0],[91351.22;11683.9],[91395.0;11608.0]
[91356.0;10215.0],[91289.0;10216.0],[91356.0;10252.0],[91363.5;10213.5]
[91356.0;10252.0],[91356.0;10215.0],[91349.0;10278.0]
[91359.58;11360.59],[91406.2;11370.2],[91295.75;11347.43]
[91362.0;10873.0],[91272.86;10859.67],[91389.0;10880.0]
[91363.5;10213.5],[91371.0;10212.0],[91356.0;10215.0]
[91371.0;10212.0],[91363.5;10213.5],[91377.27;10196.41],[91381.5;10216.62]
[91377.27;10196.41],[91371.0;10212.0],[91383.53;10180.82]
[91378.89;12537.73],[91322.93000000001;12531.44],[91404.40000000001;12540.6]
[91381.5;10216.62],[91371.0;10212.0],[91392.0;10221.23]
[91383.53;10180.82],[91377.27;10196.41],[91388.77;10171.89],[91386.84;10170.92]
[91386.84;10170.92],[91383.53;10180.82],[91388.43000000001;10166.16]
[91388.43000000001;10166.16],[91386.84;10170.92],[91398.7;10135.39]
[91388.77;10171.89],[91383.53;10180.82],[91391.95;10166.47]
[91389.0;10880.0],[91362.0;10873.0],[91427.0;10901.0]
[91391.95;10166.47],[91388.77;10171.89],[91393.17;10164.380000000001]
[91392.0;10221.23],[91381.5;10216.62],[91422.03;10242.07]
[91393.17;10164.380000000001],[91391.95;10166.47],[91398.49;10155.32]
[91395.0;11608.0],[91442.40000000001;11515.300000000001],[91452.46;11649.57],[91352.0;11682.0]
[91398.49;10155.32],[91393.17;10164.380000000001],[91402.82;10147.95]
[91398.7;10135.39],[91388.43000000001;10166.16],[91427.25;10095.25]
[91402.82;10147.95],[91398.49;10155.32]
[91404.40000000001;12540.6],[91378.89;12537.73],[91485.40000000001;12585.2]
[91406.0;11082.0],[91451.6;11091.4],[91324.90000000001;11053.47]
[91406.2;11370.2],[91438.40000000001;11395.4],[91359.58;11360.59]
[91417.25;12010.35],[91522.95;12046.800000000001],[91311.54000000001;11973.89]
[91422.03;10242.07],[91392.0;10221.23],[91426.40000000001;10245.1]
[91426.40000000001;10245.1],[91422.03;10242.07],[91438.0;10274.1]
[91427.0;10901.0],[91453.0;10942.0],[91389.0;10880.0],[91501.0;10833.0]
[91427.25;10095.25],[91398.7;10135.39],[91443.0;10073.1]
[91438.0;10274.1],[91426.40000000001;10245.1],[91445.2;10295.300000000001],[91457.40000000001;10273.5]
[91438.40000000001;11395.4],[91489.8;11422.6],[91406.2;11370.2]
[91442.40000000001;11515.300000000001],[91395.0;11608.0],[91489.8;11422.6]
[91443.0;10073.1],[91427.25;10095.25],[91503.0;10037.1]
[91445.2;10295.300000000001],[91438.0;10274.1],[91445.83;10295.95]
[91445.83;10295.95],[91445.2;10295.300000000001],[91462.0;10312.7]
[91451.46;16102.24],[91489.76;16113.56]
[91451.6;11091.4],[91488.8;11123.0],[91406.0;11082.0]
[91452.46;11649.57],[91473.47;11675.210000000001],[91395.0;11608.0]
[91453.0;10942.0],[91427.0;10901.0],[91471.14;10986.43]
[91457.40000000001;10273.5],[91466.62;10264.880000000001],[91438.0;10274.1]
[91462.0;10312.7],[91445.83;10295.95],[91466.90000000001;10342.4]
[91466.0;10312.0],[91491.95;10320.97]
[91466.62;10264.880000000001],[91490.0;10243.0],[91457.40000000001;10273.5]
[91466.90000000001;10342.4],[91462.0;10312.7],[91471.8;10372.1]
[91471.14;10986.43],[91453.0;10942.0],[91473.0;10991.0]
[91471.8;10372.1],[91466.90000000001;10342.4],[91500.0;10365.0],[91479.97;10471.92]
[91473.0;10991.0],[91471.14;10986.43],[91547.0;11045.0]
[91473.47;11675.210000000001],[91496.44;11694.16],[91452.46;11649.57]
[91479.97;10471.92],[91471.8;10372.1],[91483.6;10516.300000000001]
[91483.6;10516.300000000001],[91479.97;10471.92],[91492.0;10536.1]
[91485.40000000001;12585.2],[91404.40000000001;12540.6],[91496.66;12582.27]
[91488.8;11123.0],[91504.0;11172.0],[91451.6;11091.4]
[91489.76;16113.56],[91495.83;16115.36],[91451.46;16102.24]
[91489.8;11422.6],[91514.0;11366.0],[91438.40000000001;11395.4],[91442.40000000001;11515.300000000001]
[91490.0;10243.0],[91466.62;10264.880000000001],[91510.36;10223.66]
[91491.95;10320.97],[91517.89;10329.94],[91466.0;10312.0]
[91492.0;10536.1],[91483.6;10516.300000000001],[91518.40000000001;10557.7]
[91495.83;16115.36],[91511.76;16144.960000000001],[91489.76;16113.56]
[91496.44;11694.16],[91567.92;11753.15],[91473.47;11675.210000000001]
[91496.66;12582.27],[91485.40000000001;12585.2]
[91499.21;16180.33],[91500.8;16180.880000000001],[91503.28;16168.86]
[91500.0;10365.0],[91502.34;10360.42],[91471.8;10372.1]
[91500.8;16180.880000000001],[91537.86;16193.73],[91499.21;16180.33]
[91501.0;10833.0],[91527.57;10820.12],[91427.0;10901.0]
[91502.34;10360.42],[91517.89;10329.94],[91500.0;10365.0]
[91503.0;10037.1],[91443.0;10073.1]
[91503.28;16168.86],[91499.21;16180.33],[91507.02;16158.32]
[91504.0;11172.0],[91526.42;11184.9],[91488.8;11123.0]
[91507.02;16158.32],[91503.28;16168.86],[91511.76;16144.960000000001]
[91508.39;12182.01],[91607.40000000001;12204.6],[91309.40000000001;12136.6]
[91510.36;10223.66],[91490.0;10243.0],[91523.51;10226.75]
[91511.76;16144.960000000001],[91495.83;16115.36],[91507.02;16158.32],[91529.23;16152.48]
[91514.0;11366.0],[91489.8;11422.6],[91517.73;11308.01]
[91517.73;11308.01],[91514.0;11366.0],[91524.31;11205.630000000001]
[91517.89;10329.94],[91491.95;10320.97],[91502.34;10360.42],[91545.0;10330.0]
[91518.40000000001;10557.7],[91492.0;10536.1],[91539.8;10583.1],[91542.0;10542.0]
[91522.95;12046.800000000001],[91417.25;12010.35]
[91523.51;10226.75],[91510.36;10223.66],[91535.93000000001;10222.22]
[91524.31;11205.630000000001],[91517.73;11308.01],[91524.38;11204.6]
[91524.38;11204.6],[91524.31;11205.630000000001],[91525.40000000001;11188.6]
[91525.40000000001;11188.6],[91525.91;11186.75],[91524.38;11204.6],[91585.40000000001;11254.6]
[91525.85;16236.44],[91531.85;16215.08]
[91525.91;11186.75],[91525.40000000001;11188.6],[91526.42;11184.9]
[91526.42;11184.9],[91504.0;11172.0],[91542.76;11115.51],[91525.91;11186.75]
[91527.57;10820.12],[91534.0;10817.0],[91501.0;10833.0]
[91529.23;16152.48],[91533.62;16152.25],[91511.76;16144.960000000001]
[91531.85;16215.08],[91537.86;16193.73],[91525.85;16236.44]
[91533.62;16152.25],[91557.0;16151.0],[91529.23;16152.48]
[91534.0;10817.0],[91581.0;10813.0],[91527.57;10820.12]
[91535.93000000001;10222.22],[91523.51;10226.75],[91544.87;10218.960000000001]
[91537.86;16193.73],[91500.8;16180.880000000001],[91547.43000000001;16172.37],[91531.85;16215.08]
[91539.8;10583.1],[91518.40000000001;10557.7],[91583.8;10679.9]
[91542.0;10542.0],[91598.0;10529.0],[91518.40000000001;10557.7]
[91542.76;11115.51],[91526.42;11184.9],[91549.0;11089.0]
[91544.87;10218.960000000001],[91535.93000000001;10222.22],[91588.49;10231.14]
[91545.0;10330.0],[91551.84;10319.01],[91517.89;10329.94]
[91547.0;11045.0],[91473.0;10991.0],[91549.0;11089.0],[91634.23;11089.86]
[91547.43000000001;16172.37],[91557.0;16151.0],[91537.86;16193.73]
[91549.0;11089.0],[91542.76;11115.51],[91547.0;11045.0]
[91551.84;10319.01],[91573.0;10285.0],[91545.0;10330.0]
[91557.0;16151.0],[91533.62;16152.25],[91578.0;16150.0],[91547.43000000001;16172.37]
[91567.92;11753.15],[91594.0;11785.0],[91496.44;11694.16]
[91573.0;10285.0],[91551.84;10319.01]
[91578.0;16150.0],[91579.36;16150.93],[91557.0;16151.0]
[91579.36;16150.93],[91598.08;16163.74],[91578.0;16150.0]
[91581.0;10813.0],[91655.0;10829.0],[91534.0;10817.0]
[91583.8;10679.9],[91539.8;10583.1],[91591.08;10692.49]
[91585.40000000001;11254.6],[91525.40000000001;11188.6],[91656.41;11352.2]
[91588.49;10231.14],[91544.87;10218.960000000001]
[91591.08;10692.49],[91583.8;10679.9],[91647.8;10790.7]
[91594.0;11785.0],[91567.92;11753.15],[91664.0;11782.0]
[91596.35;16185.69],[91598.08;16163.74],[91601.1;16191.03]
[91598.08;16163.74],[91748.61;16163.92],[91579.36;16150.93],[91596.35;16185.69]
[91598.0;10529.0],[91630.09;10514.7],[91542.0;10542.0]
[91601.1;16191.03],[91596.35;16185.69],[91617.68000000001;16198.470000000001]
[91607.40000000001;12204.6],[91633.0;12206.0],[91508.39;12182.01]
[91617.68000000001;16198.470000000001],[91601.1;16191.03],[91622.96;16200.84]
[91622.96;16200.84],[91617.68000000001;16198.470000000001],[91625.6;16202.02]
[91625.6;16202.02],[91622.96;16200.84],[91660.88;16217.85]
[91630.09;10514.7],[91690.0;10488.0],[91598.0;10529.0]
[91633.0;12206.0],[91708.0;12189.0],[91607.40000000001;12204.6]
[91634.23;11089.86],[91659.0;11102.6],[91547.0;11045.0]
[91647.8;10790.7],[91591.08;10692.49],[91657.40000000001;10810.300000000001]
[91655.0;10829.0],[91581.0;10813.0],[91657.40000000001;10810.300000000001],[91762.68000000001;10867.18]
[91656.41;11352.2],[91585.40000000001;11254.6],[91714.39;11410.69]
[91657.40000000001;10810.300000000001],[91647.8;10790.7],[91655.0;10829.0]
[91659.0;11102.6],[91706.49;11154.34],[91634.23;11089.86]
[91660.88;16217.85],[91625.6;16202.02]
[91664.0;11782.0],[91594.0;11785.0],[91723.0;11760.0]
[91690.0;10488.0],[91719.0;10513.0],[91630.09;10514.7]
[91706.49;11154.34],[91659.0;11102.6],[91720.01;11138.86],[91738.0;11187.0]
[91708.0;12189.0],[91752.79000000001;12162.75],[91633.0;12206.0],[91725.42;12236.45]
[91714.39;11410.69],[91656.41;11352.2],[91719.77;11416.12]
[91719.0;10513.0],[91735.0;10519.0],[91690.0;10488.0]
[91719.77;11416.12],[91714.39;11410.69],[91719.98;11416.34]
[91719.98;11416.34],[91719.77;11416.12],[91747.40000000001;11444.0]
[91720.01;11138.86],[91706.49;11154.34],[91733.54000000001;11123.39]
[91723.0;11760.0],[91664.0;11782.0],[91745.28;11759.49]
[91725.42;12236.45],[91738.54000000001;12252.83],[91708.0;12189.0]
[91733.54000000001;11123.39],[91720.01;11138.86]
[91735.0;10519.0],[91736.01;10516.15],[91719.0;10513.0],[91763.86;10520.12]
[91736.01;10516.15],[91735.0;10519.0],[91756.95;10456.84]
[91738.0;11187.0],[91772.04000000001;11210.14],[91706.49;11154.34]
[91738.54000000001;12252.83],[91763.87;12276.380000000001],[91725.42;12236.45]
[91745.28;11759.49],[91723.0;11760.0],[91783.0;11758.62]
[91747.40000000001;11444.0],[91719.98;11416.34],[91801.8;11474.6]
[91748.61;16163.92],[91841.74;16156.11],[91598.08;16163.74]
[91752.79000000001;12162.75],[91768.40000000001;12153.6],[91708.0;12189.0]
[91756.95;10456.84],[91736.01;10516.15],[91767.13;10428.03]
[91761.07;10393.19],[91767.13;10428.03]
[91762.68000000001;10867.18],[91796.0;10879.0],[91655.0;10829.0]
[91763.86;10520.12],[91791.0;10559.0],[91735.0;10519.0]
[91763.87;12276.380000000001],[91789.99;12300.66],[91738.54000000001;12252.83]
[91767.13;10428.03],[91756.95;10456.84],[91761.07;10393.19]
[91768.40000000001;12153.6],[91791.40000000001;12128.800000000001],[91752.79000000001;12162.75]
[91772.04000000001;11210.14],[91772.97;11210.77],[91738.0;11187.0]
[91772.97;11210.77],[91795.17;11211.02],[91772.04000000001;11210.14]
[91783.0;11758.62],[91745.28;11759.49],[91976.0;11754.2]
[91789.99;12300.66],[91828.34;12321.1],[91763.87;12276.380000000001]
[91791.0;10559.0],[91829.0;10648.0],[91763.86;10520.12]
[91791.40000000001;12128.800000000001],[91833.0;12105.4],[91768.40000000001;12153.6]
[91795.17;11211.02],[91832.29000000001;11262.2],[91772.97;11210.77]
[91796.0;10879.0],[91866.2;10915.0],[91762.68000000001;10867.18]
[91801.8;11474.6],[91747.40000000001;11444.0],[91870.40000000001;11492.4]
[91826.6;12372.4],[91829.2;12348.1],[91838.57;12461.220000000001]
[91828.34;12321.1],[91829.2;12348.1],[91789.99;12300.66]
[91829.0;10648.0],[91864.0;10662.0],[91791.0;10559.0]
[91829.2;12348.1],[91828.34;12321.1],[91826.6;12372.4]
[91832.29000000001;11262.2],[91870.2;11302.800000000001],[91795.17;11211.02]
[91833.0;12105.4],[91850.65000000001;12104.89],[91791.40000000001;12128.800000000001]
[91838.49;12599.73],[91850.19;12547.41]
[91838.57;12461.220000000001],[91826.6;12372.4],[91840.35;12474.36]
[91840.35;12474.36],[91838.57;12461.220000000001],[91841.39;12482.08]
[91841.39;12482.08],[91840.35;12474.36],[91850.19;12547.41]
[91841.74;16156.11],[91870.86;16165.16],[91748.61;16163.92]
[91850.19;12547.41],[91841.39;12482.08],[91838.49;12599.73]
[91850.65000000001;12104.89],[91916.0;12103.0],[91833.0;12105.4]
[91864.0;10662.0],[91881.0;10660.0],[91829.0;10648.0]
[91866.2;10915.0],[91951.0;10954.0],[91796.0;10879.0],[91913.0;10847.0]
[91870.2;11302.800000000001],[91901.21;11310.24],[91832.29000000001;11262.2]
[91870.40000000001;11492.4],[91801.8;11474.6],[91940.8;11501.800000000001]
[91870.86;16165.16],[91971.90000000001;16196.58],[91841.74;16156.11]
[91881.0;10660.0],[91896.91;10626.27],[91864.0;10662.0]
[91896.91;10626.27],[91906.0;10607.0],[91881.0;10660.0]
[91901.21;11310.24],[91930.2;11317.2],[91870.2;11302.800000000001]
[91906.0;10607.0],[91951.0;10541.0],[91896.91;10626.27]
[91913.0;10847.0],[91866.2;10915.0],[91981.73;10769.4]
[91916.0;12103.0],[91937.0;12054.0],[91850.65000000001;12104.89]
[91930.2;11317.2],[91965.2;11306.800000000001],[91901.21;11310.24]
[91937.0;12054.0],[91959.0;12036.0],[91916.0;12103.0]
[91940.8;11501.800000000001],[91870.40000000001;11492.4],[91993.0;11523.0]
[91951.0;10541.0],[91962.0;10501.0],[91906.0;10607.0]
[91951.0;10954.0],[92052.6;10970.2],[91866.2;10915.0]
[91959.0;12036.0],[91972.6;11971.0],[91937.0;12054.0]
[91962.0;10501.0],[91990.28;10461.02],[91951.0;10541.0]
[91965.2;11306.800000000001],[91970.6;11286.4],[91930.2;11317.2]
[91970.6;11286.4],[91965.2;11306.800000000001]
[91971.90000000001;16196.58],[92035.26;16199.93],[91870.86;16165.16]
[91972.6;11971.0],[92001.37;11943.41],[91959.0;12036.0]
[91976.0;11754.2],[91983.5;11744.4],[91988.5;11757.1],[91783.0;11758.62]
[91981.73;10769.4],[91913.0;10847.0],[92105.2;10630.0]
[91983.5;11744.4],[91976.0;11754.2],[91991.0;11734.6]
[91988.5;11757.1],[92001.0;11760.0],[91976.0;11754.2]
[91990.28;10461.02],[91991.0;10460.0],[91962.0;10501.0]
[91991.0;10460.0],[91991.73;10457.16],[91990.28;10461.02]
[91991.0;11734.6],[92014.6;11699.4],[91983.5;11744.4],[91996.0;11747.300000000001]
[91991.73;10457.16],[91991.78;10456.960000000001],[91991.0;10460.0]
[91991.78;10456.960000000001],[92009.0;10390.0],[91991.73;10457.16]
[91993.0;11523.0],[91940.8;11501.800000000001],[92001.99;11515.27],[92003.0;11527.5]
[91996.0;11747.300000000001],[92001.0;11760.0],[91991.0;11734.6]
[91997.6;11622.2],[92002.40000000001;11630.4],[91998.45;11618.84]
[91998.45;11618.84],[91997.6;11622.2],[92016.0;11549.0]
[92001.0;11760.0],[91996.0;11747.300000000001],[91988.5;11757.1],[92019.6;11879.6]
[92001.37;11943.41],[92002.0;11942.800000000001],[91972.6;11971.0]
[92001.99;11515.27],[91993.0;11523.0],[92003.0;11514.4]
[92002.0;11942.800000000001],[92015.6;11908.800000000001],[92001.37;11943.41]
[92002.40000000001;11630.4],[92068.0;11669.4],[91997.6;11622.2]
[92003.0;11514.4],[92001.99;11515.27],[92012.92;11515.23]
[92003.0;11527.5],[92013.0;11532.0],[91993.0;11523.0]
[92009.0;10390.0],[91991.78;10456.960000000001]
[92012.92;11515.23],[92022.75;11494.49],[92003.0;11514.4],[92012.96;11523.62]
[92012.96;11523.62],[92012.92;11515.23],[92013.0;11532.0]
[92013.0;11532.0],[92012.96;11523.62],[92003.0;11527.5],[92016.0;11549.0]
[92014.6;11699.4],[91991.0;11734.6],[92022.83;11694.78]
[92015.6;11908.800000000001],[92019.6;11879.6],[92002.0;11942.800000000001]
[92016.0;11549.0],[91998.45;11618.84],[92013.0;11532.0]
[92019.6;11879.6],[92001.0;11760.0],[92015.6;11908.800000000001]
[92022.75;11494.49],[92012.92;11515.23],[92028.88;11481.57]
[92022.83;11694.78],[92014.6;11699.4],[92068.0;11669.4]
[92028.88;11481.57],[92022.75;11494.49],[92037.53;11481.77]
[92035.26;16199.93],[92071.45;16192.67],[91971.90000000001;16196.58]
[92037.53;11481.77],[92028.88;11481.57]
[92052.6;10970.2],[92107.40000000001;11037.2],[91951.0;10954.0]
[92068.0;11669.4],[92002.40000000001;11630.4],[92080.71;11661.7],[92022.83;11694.78]
[92071.45;16192.67],[92082.8;16172.380000000001],[92035.26;16199.93]
[92080.71;11661.7],[92068.0;11669.4],[92093.41;11654.0]
[92082.8;16172.380000000001],[92089.68000000001;16160.08],[92071.45;16192.67]
[92089.68000000001;16160.08],[92104.79000000001;16133.050000000001],[92082.8;16172.380000000001]
[92093.41;11654.0],[92162.2;11612.0],[92080.71;11661.7],[92117.79000000001;11691.36]
[92104.79000000001;16133.050000000001],[92106.24;16130.210000000001],[92089.68000000001;16160.08]
[92105.2;10630.0],[91981.73;10769.4]
[92106.24;16130.210000000001],[92107.68000000001;16127.37],[92104.79000000001;16133.050000000001]
[92107.40000000001;11037.2],[92158.76;11055.08],[92052.6;10970.2]
[92107.68000000001;16127.37],[92128.02;16089.210000000001],[92106.24;16130.210000000001]
[92117.79000000001;11691.36],[92093.41;11654.0],[92117.92;11692.04]
[92117.92;11692.04],[92117.79000000001;11691.36],[92124.03;11723.74]
[92124.03;11723.74],[92117.92;11692.04],[92135.67;11729.56]
[92128.02;16089.210000000001],[92201.37;15997.87],[92107.68000000001;16127.37]
[92135.67;11729.56],[92124.03;11723.74]
[92158.76;11055.08],[92220.6;11076.6],[92107.40000000001;11037.2]
[92162.2;11612.0],[92093.41;11654.0],[92175.40000000001;11618.0]
[92175.40000000001;11618.0],[92162.2;11612.0],[92217.2;11672.800000000001]
[92201.37;15997.87],[92218.26;15976.83],[92128.02;16089.210000000001]
[92217.2;11672.800000000001],[92175.40000000001;11618.0],[92226.31;11681.08]
[92218.26;15976.83],[92283.85;15947.61],[92201.37;15997.87]
[92220.6;11076.6],[92341.0;11027.0],[92158.76;11055.08]
[92226.31;11681.08],[92217.2;11672.800000000001],[92274.40000000001;11724.800000000001]
[92274.40000000001;11724.800000000001],[92226.31;11681.08],[92332.0;11721.800000000001]
[92283.85;15947.61],[92345.11;15941.140000000001],[92218.26;15976.83]
[92321.0;11999.1],[92353.0;11972.0]
[92332.0;11721.800000000001],[92274.40000000001;11724.800000000001],[92383.40000000001;11706.4]
[92341.0;11027.0],[92406.0;10987.0],[92220.6;11076.6]
[92345.11;15941.140000000001],[92468.44;15930.49],[92283.85;15947.61]
[92353.0;11972.0],[92321.0;11999.1],[92391.65000000001;11884.29]
[92383.40000000001;11706.4],[92332.0;11721.800000000001],[92438.85;11681.81],[92394.8;11748.2]
[92391.65000000001;11884.29],[92353.0;11972.0],[92447.2;11758.2]
[92394.8;11748.2],[92399.72;11749.14],[92383.40000000001;11706.4]
[92399.72;11749.14],[92447.2;11758.2],[92394.8;11748.2]
[92406.0;10987.0],[92428.0;10983.0],[92341.0;11027.0]
[92428.0;10983.0],[92469.6;10993.0],[92406.0;10987.0]
[92438.85;11681.81],[92383.40000000001;11706.4],[92450.6;11676.6]
[92447.2;11758.2],[92391.65000000001;11884.29],[92399.72;11749.14]
[92450.6;11676.6],[92438.85;11681.81],[92479.6;11638.6]
[92468.44;15930.49],[92576.92;15885.74],[92345.11;15941.140000000001]
[92469.6;10993.0],[92428.0;10983.0],[92529.6;10984.6],[92472.58;11003.34]
[92472.58;11003.34],[92474.74;11010.84],[92469.6;10993.0]
[92474.74;11010.84],[92476.8;11018.0],[92472.58;11003.34]
[92476.8;11018.0],[92478.98;11020.06],[92474.74;11010.84]
[92478.98;11020.06],[92500.05;11039.99],[92476.8;11018.0]
[92479.6;11638.6],[92510.92;11519.460000000001],[92450.6;11676.6],[92517.2;11671.12]
[92500.05;11039.99],[92478.98;11020.06]
[92510.92;11519.460000000001],[92479.6;11638.6],[92522.6;11475.0]
[92517.2;11671.12],[92479.6;11638.6],[92541.8;11692.4]
[92522.6;11475.0],[92510.92;11519.460000000001],[92561.0;11408.0]
[92529.6;10984.6],[92564.0;10992.6],[92469.6;10993.0]
[92541.8;11692.4],[92517.2;11671.12],[92558.6;11695.2]
[92558.6;11695.2],[92541.8;11692.4],[92581.29000000001;11696.39],[92583.15000000001;11689.61]
[92561.0;11408.0],[92631.40000000001;11318.2],[92613.0;11449.4],[92522.6;11475.0]
[92564.0;10992.6],[92628.67;11018.57],[92529.6;10984.6]
[92576.92;15885.74],[92590.74;15877.79],[92468.44;15930.49]
[92581.29000000001;11696.39],[92558.6;11695.2],[92582.69;11691.300000000001]
[92582.69;11691.300000000001],[92581.29000000001;11696.39],[92583.15000000001;11689.61]
[92583.15000000001;11689.61],[92582.69;11691.300000000001],[92558.6;11695.2]
[92590.74;15877.79],[92634.97;15852.34],[92576.92;15885.74]
[92613.0;11449.4],[92561.0;11408.0],[92685.44;11435.64]
[92628.67;11018.57],[92719.40000000001;11055.0],[92564.0;10992.6]
[92631.40000000001;11318.2],[92561.0;11408.0],[92664.6;11288.2]
[92634.97;15852.34],[92708.1;15820.53],[92590.74;15877.79]
[92664.6;11288.2],[92631.40000000001;11318.2],[92688.01;11259.7]
[92685.44;11435.64],[92613.0;11449.4],[92739.79000000001;11445.45]
[92688.01;11259.7],[92664.6;11288.2],[92709.6;11233.4]
[92708.1;15820.53],[92754.25;15780.98],[92634.97;15852.34]
[92709.6;11233.4],[92688.01;11259.7],[92739.09;11193.48]
[92719.40000000001;11055.0],[92775.08;11093.72],[92628.67;11018.57]
[92739.09;11193.48],[92709.6;11233.4],[92761.0;11163.800000000001]
[92739.79000000001;11445.45],[92685.44;11435.64],[92747.44;11446.83]
[92747.44;11446.83],[92739.79000000001;11445.45],[92793.31;11442.22]
[92754.25;15780.98],[92780.61;15720.99],[92708.1;15820.53]
[92761.0;11163.800000000001],[92739.09;11193.48],[92779.0;11127.2]
[92775.08;11093.72],[92719.40000000001;11055.0],[92848.31;11100.7],[92779.0;11127.2]
[92779.0;11127.2],[92761.0;11163.800000000001],[92775.08;11093.72]
[92780.61;15720.99],[92811.69;15654.98],[92754.25;15780.98]
[92793.31;11442.22],[92747.44;11446.83],[92848.51;11422.99]
[92811.69;15654.98],[92821.79000000001;15633.52],[92780.61;15720.99]
[92821.79000000001;15633.52],[92823.53;15584.32],[92811.69;15654.98]
[92823.53;15584.32],[92845.53;15573.57],[92821.79000000001;15633.52]
[92845.53;15573.57],[92867.53;15562.82],[92823.53;15584.32]
[92848.31;11100.7],[92775.08;11093.72],[92867.59;11102.53]
[92848.51;11422.99],[92793.31;11442.22],[92873.97;11405.79]
[92865.0;15323.0],[92972.56;15267.630000000001],[92872.96;15358.34]
[92867.53;15562.82],[92911.77;15538.41],[92883.49;15528.76],[92845.53;15573.57]
[92867.59;11102.53],[92848.31;11100.7],[92919.11;11085.72]
[92872.96;15358.34],[92865.0;15323.0],[92881.0;15394.0]
[92873.97;11405.79],[92848.51;11422.99],[92882.14;11392.85]
[92877.41;11356.08],[92882.14;11392.85]
[92881.0;15394.0],[92872.96;15358.34],[92947.48;15435.4]
[92882.14;11392.85],[92873.97;11405.79],[92877.41;11356.08]
[92883.49;15528.76],[92867.53;15562.82],[92894.03;15517.62]
[92894.03;15517.62],[92883.49;15528.76],[92930.42;15479.17]
[92911.77;15538.41],[92956.0;15514.0],[92867.53;15562.82]
[92919.11;11085.72],[92867.59;11102.53]
[92930.42;15479.17],[92894.03;15517.62]
[92947.48;15435.4],[92881.0;15394.0],[92963.64;15474.52]
[92956.0;15514.0],[92911.77;15538.41],[92959.14;15507.01],[92964.0;15514.0]
[92959.14;15507.01],[92962.28;15500.01],[92956.0;15514.0]
[92962.28;15500.01],[92962.96;15487.27],[92959.14;15507.01],[92967.14;15507.01]
[92962.96;15487.27],[92963.64;15474.52],[92962.28;15500.01]
[92963.64;15474.52],[92947.48;15435.4],[92962.96;15487.27]
[92964.0;15514.0],[92972.0;15514.0],[92956.0;15514.0]
[92967.14;15507.01],[92972.0;15514.0],[92962.28;15500.01]
[92972.0;15514.0],[92964.0;15514.0],[92967.14;15507.01],[93018.66;15541.6]
[92972.56;15267.630000000001],[92865.0;15323.0],[92988.90000000001;15242.98],[93005.84;15284.43]
[92988.90000000001;15242.98],[93005.23;15218.32],[92972.56;15267.630000000001]
[93005.23;15218.32],[92988.90000000001;15242.98],[93019.75;15176.83],[93017.19;15247.57]
[93005.84;15284.43],[92972.56;15267.630000000001],[93039.12;15301.220000000001]
[93017.19;15247.57],[93005.23;15218.32],[93020.49;15255.66]
[93018.66;15541.6],[93040.0;15544.0],[92972.0;15514.0]
[93019.75;15176.83],[93034.26;15135.33],[93005.23;15218.32]
[93020.49;15255.66],[93017.19;15247.57],[93022.18000000001;15259.77]
[93022.18000000001;15259.77],[93020.49;15255.66],[93022.25;15259.94]
[93022.25;15259.94],[93022.18000000001;15259.77],[93022.87;15261.460000000001]
[93022.87;15261.460000000001],[93022.25;15259.94],[93039.12;15301.220000000001]
[93034.26;15135.33],[93019.75;15176.83]
[93039.12;15301.220000000001],[93005.84;15284.43],[93022.87;15261.460000000001],[93089.73;15322.89]
[93040.0;15544.0],[93082.85;15574.630000000001],[93018.66;15541.6]
[93082.85;15574.630000000001],[93106.74;15582.2],[93040.0;15544.0]
[93089.73;15322.89],[93039.12;15301.220000000001],[93107.40000000001;15330.45]
[93098.95;15426.69],[93105.14;15411.29]
[93105.14;15411.29],[93111.97;15410.18],[93098.95;15426.69]
[93106.74;15582.2],[93121.0;15586.720000000001],[93082.85;15574.630000000001]
[93107.40000000001;15330.45],[93089.73;15322.89],[93128.01;15339.27]
[93111.97;15410.18],[93141.43000000001;15417.75],[93105.14;15411.29]
[93121.0;15586.720000000001],[93130.49;15604.31],[93106.74;15582.2]
[93128.01;15339.27],[93107.40000000001;15330.45],[93143.24;15345.800000000001]
[93130.49;15604.31],[93150.02;15613.98],[93121.0;15586.720000000001]
[93141.43000000001;15417.75],[93151.81;15420.42],[93111.97;15410.18]
[93143.24;15345.800000000001],[93128.01;15339.27],[93144.27;15347.960000000001]
[93144.27;15347.960000000001],[93143.24;15345.800000000001],[93154.88;15370.44]
[93150.02;15613.98],[93246.32;15622.64],[93130.49;15604.31]
[93151.81;15420.42],[93158.31;15377.7],[93141.43000000001;15417.75]
[93154.88;15370.44],[93144.27;15347.960000000001],[93158.31;15377.7]
[93158.31;15377.7],[93154.88;15370.44],[93151.81;15420.42],[93220.53;15413.11]
[93220.53;15413.11],[93158.31;15377.7],[93224.55;15415.41]
[93224.55;15415.41],[93220.53;15413.11],[93291.2;15408.99]
[93246.32;15622.64],[93150.02;15613.98]
[93258.13;15534.06],[93266.13;15524.99]
[93263.1;15499.41],[93276.09;15485.87],[93266.13;15524.99]
[93266.13;15524.99],[93263.1;15499.41],[93258.13;15534.06]
[93276.09;15485.87],[93278.18000000001;15475.2],[93263.1;15499.41]
[93278.18000000001;15475.2],[93291.2;15408.99],[93276.09;15485.87]
[93291.2;15408.99],[93224.55;15415.41],[93278.18000000001;15475.2],[93360.55;15428.69]
[93360.55;15428.69],[93291.2;15408.99],[93412.48;15409.58]
[93412.48;15409.58],[93360.55;15428.69],[93446.59;15385.130000000001]
[93446.59;15385.130000000001],[93412.48;15409.58],[93481.68000000001;15384.19]
[93453.86;15522.77],[93480.77;15388.74],[93482.77;15589.2]
[93480.77;15388.74],[93481.68000000001;15384.19],[93453.86;15522.77]
[93481.68000000001;15384.19],[93446.59;15385.130000000001],[93480.77;15388.74]
[93482.77;15589.2],[93453.86;15522.77]
