464983.0,1214060.0,464935.36,1214029.98,464868.38,1214075.52,464758.14,1214131.73,464738.23,1214134.99,464669.60000000003,1214134.1,464641.27,1214110.33,464639.17,1214108.58,464634.11,1214104.33,464612.81,1214086.47,464596.81,1214084.35,464542.26,1214126.29,464517.23,1214131.79,464512.67,1214134.6,464436.38,1214181.68,464373.45,1214211.48,464329.2,1214265.65,464319.87,1214433.72,464328.0,1214450.11,464412.4,1214541.03,464566.55,1214716.02,464673.84,1214795.87,464833.2,1214897.25,464850.91000000003,1214944.99,464853.7,1214947.58,464872.61,1214965.13,464918.7,1214964.02,465025.35000000003,1215050.16,465403.97000000003,1215183.91
465037.23,1214614.55,465014.58,1214618.47,464911.22000000003,1214609.53,464873.99,1214606.31,464867.4,1214609.6,464846.74,1214688.94
464857.11,1213817.3900000001,464902.97000000003,1213790.03,464948.82,1213762.67
464857.11,1213817.3900000001,464929.0,1213880.0,464969.29000000004,1213925.15,465012.0,1213973.0,464983.0,1214060.0
464983.0,1214060.0,465041.5,1214101.5,465100.0,1214143.0
465037.23,1214614.55,465031.0,1214625.0,465032.61,1214650.81,465034.97000000003,1214688.77
465034.97000000003,1214688.77,465124.0,1214809.0,465241.9,1214910.7,465245.38,1214917.1,465265.53,1214954.15,465376.0,1215107.0,465403.97000000003,1215183.91
465108.0,1214596.0,465072.61,1214605.28,465037.23,1214614.55
465100.0,1214143.0,465106.0,1214162.0,465068.77,1214371.3,465061.0,1214415.0,465087.0,1214551.0,465101.47000000003,1214582.02,465104.07,1214587.59,465105.67,1214591.0,465108.0,1214596.0
465277.58,1214009.52,465248.0,1214019.96,465216.72000000003,1214049.94,465213.52,1214051.79,465183.93,1214068.9,465163.0,1214081.0,465100.0,1214143.0
465108.0,1214596.0,465111.0,1214600.5,465114.0,1214605.0,465115.27,1214609.72,465116.54000000004,1214614.45
465116.54000000004,1214614.45,465121.67,1214669.58,465126.8,1214724.71
465249.0,1213947.0,465263.29000000004,1213978.26,465267.51,1213987.5,465277.58,1214009.52
465324.0,1213993.0,465300.79000000004,1214001.26,465277.58,1214009.52
465403.97000000003,1215183.91,465424.12,1215338.53,465424.78,1215343.63,465436.0,1215494.0
465436.0,1215494.0,465441.0,1215825.0,465447.0,1215885.0,465487.07,1216014.02,465488.0,1216017.0,465516.23,1216066.71,465578.0,1216150.0,465657.0,1216211.0,465809.0,1216349.0,465833.0,1216364.0,465861.44,1216369.92
465436.0,1215494.0,465446.3,1215499.02,465587.63,1215551.33,465739.71,1215607.62,465797.22000000003,1215625.43,465854.72000000003,1215643.24,466057.0,1215509.0,466165.0,1215485.0,466189.0,1215467.0,466203.42,1215438.22,466223.0,1215386.0,466245.0,1215349.0,466297.0,1215334.0,466428.0,1215346.0,466448.19,1215350.69,466484.0,1215359.0,466899.0,1215492.0,467146.0,1215467.0,467178.5,1215463.5,467211.0,1215460.0
467190.0,1215496.0,467200.5,1215478.0,467211.0,1215460.0
467211.0,1215460.0,467323.96,1215462.37,467354.0,1215463.0,467390.0,1215494.0,467411.2,1215522.4
463558.0,1212629.0,463473.0,1212754.0,463355.0,1212862.0,463345.0,1212881.0,463377.0,1213000.0,463408.52,1213051.83,463422.0,1213074.0,463429.0,1213096.0,463402.0,1213225.0,463349.0,1213307.0,463179.82,1213474.43
464765.02,1215468.82,464693.0,1215457.0,463919.49,1215407.29,463526.0,1215382.0,463468.0,1215403.0,463265.0,1215511.0,463237.0,1215539.0,463212.0,1215618.0,463186.0,1215648.0
463208.0,1215775.0,463277.28,1215787.12,463288.0,1215789.0,463300.0,1215802.0,463312.0,1215842.0
463833.0,1213523.0,463772.03,1213537.94,463700.58,1213591.01,463683.0,1213618.0,463660.0,1213691.0,463652.0,1213700.0,463621.0,1213703.0,463600.60000000003,1213699.24,463518.0,1213684.0,463505.0,1213687.0,463480.0,1213710.0,463468.0,1213739.0,463464.0,1213795.0,463476.18,1213899.91
463558.0,1212629.0,463693.0,1212673.0,463779.0,1212866.0,463789.88,1212901.07,463833.0,1213040.0,463971.76,1213241.35,464018.38,1213312.68,464065.0,1213384.0
463644.0,1212504.0,463601.0,1212566.5,463558.0,1212629.0
463833.0,1213523.0,463814.0,1213584.0,463811.0,1213633.0,463854.0,1213771.0,463865.0,1213788.0,463921.0,1213809.0,463924.47000000003,1213812.96,463942.0,1213833.0,463943.10000000003,1213833.6400000001,463945.0,1213834.75,463947.8,1213836.3900000001,463995.0,1213864.0,464124.0,1213886.0,464110.63,1214009.24
464065.0,1213384.0,463949.0,1213453.5,463833.0,1213523.0
464065.0,1213384.0,464186.89,1213420.68,464308.78,1213457.35,464370.46,1213473.17,464401.0,1213481.0,464433.0,1213478.0
464065.0,1213384.0,464119.9,1213349.1,464174.81,1213314.2
464154.94,1213377.63,464165.03,1213405.0,464173.96,1213411.21,464179.21,1213411.74,464200.75,1213413.93,464222.86,1213405.47,464223.16000000003,1213400.96,464223.46,1213396.46
464223.46,1213396.46,464204.3,1213354.48,464203.19,1213352.96,464174.81,1213314.2
464174.81,1213314.2,464231.9,1213278.1,464289.0,1213242.0
464223.46,1213396.46,464257.63,1213398.4,464276.91000000003,1213419.74,464294.12,1213438.78,464330.93,1213444.8900000001
464459.0,1212912.0,464418.0,1212808.0,464383.78,1212698.68,464346.0,1212578.0,464287.78,1212496.83
464289.0,1213242.0,464353.0,1213192.0,464393.0,1213136.0,464393.7,1213135.29,464500.0,1213028.0
464289.0,1213242.0,464328.52,1213297.17,464337.0,1213309.0,464390.18,1213305.19,464395.59,1213302.1,464401.0,1213299.0
464332.43,1213425.46,464326.48,1213414.94,464320.52,1213404.42,464318.58,1213397.43,464322.33,1213395.19,464332.56,1213389.08
464330.93,1213444.8900000001,464385.16000000003,1213454.8900000001,464396.9,1213447.19,464397.59,1213446.74,464401.23,1213438.63,464411.0,1213416.95,464413.5,1213411.41,464409.71,1213403.92,464408.22000000003,1213400.96,464400.14,1213384.99,464393.72000000003,1213375.1,464387.3,1213365.21
464330.93,1213444.8900000001,464331.18,1213441.66,464331.68,1213435.17,464332.43,1213425.46
464332.43,1213425.46,464349.39,1213416.1,464357.21,1213411.8,464364.97000000003,1213418.78
464433.0,1213478.0,464462.0,1213473.0,464549.11,1213491.81,464550.0,1213492.0,464619.0,1213470.0,464662.0,1213484.0
464464.0,1213424.0,464437.92,1213445.58,464435.0,1213448.0,464433.0,1213478.0
464500.0,1213028.0,464500.0,1213014.0,464482.11,1212969.49,464459.0,1212912.0
464459.0,1212912.0,464520.33,1212888.67,464541.86,1212870.62,464551.19,1212862.79,464592.9,1212850.84,464629.57,1212840.34
464464.0,1213424.0,464482.0,1213449.0,464496.0,1213455.0,464503.0,1213451.0,464502.27,1213449.73,464496.28,1213439.25,464487.0,1213423.0,464474.0,1213419.0,464464.0,1213424.0
464500.0,1213028.0,464584.13,1213043.38,464655.52,1213025.43,464675.04000000004,1213020.52,464750.46,1213032.81,464770.24,1213023.53,464796.55,1212992.42
464636.0,1213403.0,464619.53,1213379.91,464603.05,1213356.82
464636.0,1213403.0,464630.83,1213404.84,464625.66000000003,1213406.67,464616.53,1213423.88,464607.39,1213441.08
464662.0,1213484.0,464661.10000000003,1213439.09,464661.0,1213434.0,464636.0,1213403.0
464662.0,1213484.0,464722.0,1213539.0,464731.0,1213555.0,464747.0,1213629.0,464757.79000000004,1213647.45,464857.11,1213817.3900000001
462268.0,1208924.0,462173.21,1208917.63,462134.0,1208915.0,462082.0,1208895.0
462268.0,1208924.0,462278.0,1208927.0,462288.0,1208930.0
462777.05,1208958.3,462532.08,1208941.16,462301.0,1208925.0,462288.0,1208930.0
462777.05,1208958.3,462810.73,1208928.75,462852.58,1208925.63,462882.57,1208933.07,462901.13,1208942.56,462937.59,1208976.33,462941.97000000003,1208985.57,462944.35000000003,1208990.6,462955.93,1209015.05,463000.0,1209060.0,463030.01,1209080.46,463044.0,1209090.0,463069.65,1209101.86,463115.0,1209095.0,463218.26,1209179.92,463222.0,1209183.0,463222.78,1209183.1,463321.89,1209196.07
462288.0,1208930.0,462294.0,1208939.0,462292.15,1209005.09,462290.0,1209082.0
462892.82,1208995.51,462890.9,1208979.0,462883.59,1208973.79,462880.27,1208971.42,462875.75,1208968.2,462843.92,1208965.01,462777.05,1208958.3
463425.4,1209134.62,463431.7,1209106.62,463429.74,1209074.45,463426.04000000004,1209013.6400000001
462290.0,1209082.0,462421.0,1209117.0,462521.98,1209222.57,462531.0,1209232.0,462527.0,1209245.0,462509.7,1209259.8900000001,462448.0,1209313.0,462369.45,1209441.71
462290.0,1209082.0,462283.16000000003,1209250.79,462276.32,1209419.58
463321.89,1209196.07,463324.39,1209150.18,463324.42,1209149.75,463340.49,1209131.96,463341.42,1209132.35,463356.06,1209138.46,463385.8,1209150.87,463409.08,1209151.47
463409.08,1209151.47,463417.24,1209143.04,463425.4,1209134.62
463425.4,1209134.62,463458.25,1209153.76,463460.27,1209154.94,463465.94,1209164.1400000001,463470.42,1209171.41,463479.01,1209185.32
463402.33,1209213.19,463405.71,1209182.33,463409.08,1209151.47
463479.01,1209185.32,463491.64,1209176.9,463587.18,1209187.47,463629.13,1209181.24,463708.10000000003,1209185.02,463732.85000000003,1209197.01,463787.17,1209245.29,463808.77,1209251.54,463899.78,1209277.88,464159.45,1209254.7
463406.0,1209221.0,463456.33,1209221.5,463469.01,1209221.63,463479.01,1209185.32
463321.89,1209196.07,463363.12,1209200.67,463375.0,1209202.0,463402.33,1209213.19
463402.33,1209213.19,463404.17,1209217.1,463406.0,1209221.0
463358.0,1209627.0,463369.0,1209532.0,463403.0,1209456.0,463403.36,1209427.94,463406.0,1209221.0
462248.64,1209413.0,462234.32,1209409.71,462189.0,1209399.32,462129.37,1209385.65
462121.14,1209432.63,462125.25,1209409.1400000001,462129.37,1209385.65
462276.32,1209419.58,462262.48,1209416.29,462248.64,1209413.0
462248.64,1209413.0,462237.60000000003,1209457.5,462235.0,1209468.0,462200.16000000003,1209464.31
462276.32,1209419.58,462322.88,1209430.6400000001,462369.45,1209441.71
462127.0,1209485.0,462133.44,1209454.16,462136.43,1209439.9,462121.14,1209432.63
462369.45,1209441.71,462418.26,1209537.47,462460.66000000003,1209620.6400000001,462459.27,1209634.7
462369.45,1209441.71,462694.3,1209515.31,463019.15,1209588.9
462127.0,1209485.0,462129.5,1209507.0,462132.0,1209529.0
463111.02,1209502.51,463094.45,1209503.76,463065.95,1209539.85,463063.57,1209541.96,463023.65,1209577.2,463019.15,1209588.9
464158.52,1209535.8900000001,464142.93,1209540.3,464135.60000000003,1209574.2,464124.86,1209623.95
463019.15,1209588.9,463060.16000000003,1209597.87,463101.16000000003,1209606.85
463358.0,1209627.0,463320.5,1209620.0,463283.0,1209613.0
463847.15,1209559.07,463849.72000000003,1209622.63,463848.35000000003,1209626.82,463827.25,1209691.47
462811.37,1209773.77,463012.83,1209815.07,463032.56,1209812.72,463045.37,1209811.2,463060.35000000003,1209781.49,463101.16000000003,1209606.85
463101.16000000003,1209606.85,463227.08,1209634.92,463353.0,1209663.0
463827.25,1209691.47,463976.05,1209657.71,464124.86,1209623.95
463358.0,1209627.0,463355.5,1209645.0,463353.0,1209663.0
463353.0,1209663.0,463458.38,1209686.48,463537.0,1209704.0,463561.53,1209716.27
463596.0,1209719.0,463665.0,1209728.0,463712.18,1209717.38,463827.25,1209691.47
463561.53,1209716.27,463573.94,1209713.13,463578.78,1209714.42,463596.0,1209719.0
463561.53,1209716.27,463570.76,1209723.63,463580.0,1209731.0
463580.0,1209731.0,463588.0,1209725.0,463596.0,1209719.0
463580.0,1209731.0,463592.0,1209759.0,463592.0,1209759.05,463593.05,1209789.54
463593.05,1209789.54,463635.82,1209785.37,463663.86,1209804.36,463727.49,1209847.45
463593.05,1209789.54,463577.44,1210030.74,463565.0,1210223.0,463572.88,1210271.42
463572.88,1210271.42,463718.64,1210221.73,463726.8,1210218.95,463769.0,1210191.54,463802.58,1210206.94,463860.49,1210211.56
463487.51,1211926.63,463520.54000000004,1211912.15,463553.57,1211897.67,463613.0,1211870.0,463675.55,1211823.17,463721.68,1211778.18,463744.52,1211743.3,463955.64,1211292.49,464013.0,1211170.0,463993.0,1211028.0,464011.0,1210930.0,464000.0,1210808.0,463978.0,1210759.0,463852.9,1210611.87,463832.95,1210588.43,463813.0,1210565.0,463690.21,1210420.03,463586.0,1210297.0,463572.88,1210271.42
463487.51,1211926.63,463491.0,1211957.0,463473.0,1212000.0,463465.0,1212055.0,463471.0,1212085.0,463481.99,1212104.08,463490.0,1212118.0,463526.0,1212142.0,463590.0,1212145.0,463649.0,1212164.0
463181.0,1212313.0,463234.83,1212201.15,463288.66000000003,1212089.3,463314.0,1212036.0,463346.0,1211993.0,463365.77,1211983.73,463487.51,1211926.63
462047.0,1212096.0,462136.0,1212045.0,462478.59,1211978.46,462589.59,1211956.9,462724.0,1211932.0,462778.0,1211945.0,462786.58,1211952.41,462788.27,1211953.87,462800.0,1211964.0,462855.97000000003,1212066.96
462855.97000000003,1212066.96,462812.7,1212092.77,462810.62,1212094.01,462795.83,1212119.58,462797.17,1212137.95
462855.97000000003,1212066.96,462914.0,1212169.0,462995.84,1212213.1400000001,463181.0,1212313.0
463939.0,1212355.0,463888.0,1212307.0,463824.95,1212280.25,463822.0,1212279.0,463792.0,1212259.77,463783.0,1212254.0,463693.0,1212171.0,463649.0,1212164.0
463649.0,1212164.0,463605.11,1212208.27,463534.9,1212334.01,463531.0,1212341.0,463644.0,1212504.0
462819.0,1212673.0,463000.0,1212493.0,463115.47000000003,1212378.17,463181.0,1212313.0
463181.0,1212313.0,463361.63,1212486.03,463452.75,1212573.32,463488.29000000004,1212607.37,463490.0,1212609.0,463505.0,1212620.0,463558.0,1212629.0
464759.47000000003,1212349.74,464729.0,1212327.0,464684.0,1212314.0,464642.0,1212346.0,464543.93,1212389.09,464526.95,1212393.74,464493.29000000004,1212402.98,464394.82,1212462.58,464287.78,1212496.83
464759.47000000003,1212349.74,464787.78,1212355.01,464816.08,1212360.29
463644.0,1212504.0,463805.03,1212452.1,463855.0,1212436.0,463939.0,1212355.0
464193.0,1212455.0,464161.0,1212444.0,464098.0,1212447.0,464054.32,1212435.87,464047.0,1212434.0,463972.0,1212372.0,463939.0,1212355.0
464193.0,1212455.0,464217.08,1212411.79,464241.15,1212368.58
462533.92,1212370.17,462515.37,1212385.57,462507.88,1212467.38,462496.98,1212489.94,462439.85000000003,1212608.19,462422.92,1212649.61,462413.07,1212673.72,462411.5,1212692.35
464287.78,1212496.83,464240.39,1212475.92,464193.0,1212455.0
462413.0,1208129.0,462376.0,1207918.0,462376.0,1207903.67,462376.0,1207880.0,462452.02,1207841.99,462518.0,1207809.0,462764.15,1207715.1
463536.0,1207981.0,463664.4,1207904.41,463727.84,1207879.47,463807.34,1207848.23,463857.99,1207745.72,463860.03,1207727.92
463111.82,1208086.3900000001,463159.17,1208078.09,463327.94,1207994.25,463417.0,1207950.0,463472.0,1207936.0,463476.74,1207937.52,463500.0,1207945.0,463536.0,1207981.0
463536.0,1207981.0,463556.0,1208000.0,463649.74,1208131.4,463653.5,1208136.66,463669.4,1208158.95,463841.3,1208239.65,463876.65,1208262.7,463910.75,1208284.95,463970.0,1208335.8,464082.05,1208390.4,464102.60000000003,1208387.4,464196.8,1208241.75,464212.7,1208235.0
463111.82,1208086.3900000001,463127.64,1208134.78,463143.46,1208183.17
462413.0,1208129.0,462444.5,1208128.0,462476.0,1208127.0,462725.2,1208123.17,462794.18,1208112.6,462880.08,1208099.43,463111.82,1208086.3900000001
462225.0,1208231.0,462316.05,1208173.67,462360.0,1208146.0,462399.01,1208133.49,462401.14,1208132.8,462413.0,1208129.0
462191.9,1208214.15,462208.10000000003,1208214.9,462210.68,1208217.36,462225.0,1208231.0
462161.0,1208389.0,462193.0,1208310.0,462225.0,1208231.0
461695.59,1208336.3,461712.73,1208287.9,461729.86,1208239.49
460705.09,1208304.06,460791.69,1208300.6400000001,460804.76,1208306.59,460896.7,1208348.47
461819.9,1208339.4,461808.86,1208323.91,461793.56,1208318.49,461761.92,1208324.24,461695.59,1208336.3
461691.35000000003,1208526.0,461626.08,1208438.35,461623.45,1208429.13,461622.59,1208426.15,461695.59,1208336.3
460929.65,1208465.85,460913.17,1208407.16,460896.7,1208348.47
462271.53,1208485.63,462250.94,1208476.49,462215.21,1208439.07,462176.0,1208398.0,462161.0,1208389.0
461889.0,1208817.0,461939.0,1208729.0,462057.59,1208623.87,462080.0,1208604.0,462161.0,1208389.0
460929.65,1208465.85,460950.2,1208486.25,460980.8,1208500.65,461075.48,1208525.59,461230.87,1208566.53,461265.0,1208589.0,461265.32,1208589.38,461292.0,1208621.0,461328.98,1208724.23,461365.96,1208827.46
460849.0,1208784.0,460889.33,1208624.93,460929.65,1208465.85
461691.35000000003,1208526.0,461791.77,1208661.69,461847.65,1208737.2,461811.0,1208760.0,461792.0,1208785.0
461562.0,1208807.0,461551.04000000004,1208781.41,461546.04000000004,1208769.75,461530.08,1208732.49
462268.0,1208924.0,462265.0,1208898.0,462201.0,1208794.0,462177.4,1208774.69,462168.0,1208767.0,462144.0,1208780.0,462059.88,1208870.66,462056.81,1208873.97,462049.22000000003,1208882.15
460902.0,1208872.0,460881.61,1208823.07,460872.0,1208800.0,460849.0,1208784.0
461562.0,1208807.0,461677.0,1208796.0,461792.0,1208785.0
461792.0,1208785.0,461831.0,1208793.0,461841.54000000004,1208797.36,461889.0,1208817.0
461365.96,1208827.46,461463.98,1208817.23,461465.69,1208817.05,461562.0,1208807.0
461889.0,1208817.0,461969.11,1208849.57,461981.86,1208854.76,461985.64,1208856.29,462049.22000000003,1208882.15
461371.0,1208845.0,461368.48,1208836.23,461365.96,1208827.46
460902.0,1208872.0,461138.26,1208848.49,461294.0,1208833.0,461341.0,1208851.0,461371.0,1208845.0
462115.0,1208875.07,462107.5,1208875.54,462100.0,1208876.0,462091.0,1208885.5,462082.0,1208895.0
462049.22000000003,1208882.15,462065.61,1208888.57,462082.0,1208895.0
462006.0,1208921.0,462029.0,1208915.0,462032.88,1208908.69,462049.22000000003,1208882.15
460759.0,1213989.0,460743.15,1213978.42,460659.82,1213837.87,460566.78,1213680.92
461060.0,1213807.16,460947.76,1213799.78,460917.21,1213822.95,460911.22000000003,1213827.5,460890.53,1213843.19,460886.49,1213847.66,460759.0,1213989.0
460759.0,1213989.0,460762.0,1214004.0,460957.0,1214143.0,461008.81,1214306.41,461022.0,1214348.0,461027.0,1214397.0,461088.0,1214475.0,461105.0,1214513.0,461106.0,1214556.0,461140.0,1214602.0,461182.18,1214684.26
461520.0,1213457.0,461456.0,1213501.0,461392.0,1213545.0,461347.0,1213579.0,461344.45,1213581.55,461302.01,1213623.99,461244.0,1213691.0,461201.18,1213750.58,461175.0,1213787.0,461114.22000000003,1213802.53,461060.0,1213807.16
461060.0,1213807.16,461083.77,1213761.09,461107.54000000004,1213715.02
461160.0,1213425.0,461218.0,1213391.0,461271.0,1213398.0,461303.0,1213384.0,461336.0,1213361.0,461402.8,1213294.2,461446.0,1213251.0,461459.0,1213256.0,461500.0,1213297.0,461601.0,1213401.0,461605.06,1213412.65
461182.18,1214684.26,461203.35000000003,1214725.6400000001,461220.60000000003,1214781.74,461220.31,1214811.36,461218.98,1214946.15
461182.18,1214684.26,461192.13,1214685.11,461218.0,1214718.0,461249.0,1214743.0,461280.0,1214758.0,461291.0,1214772.0,461291.73,1214776.51,461303.0,1214846.0,461327.59,1214920.09
461229.22000000003,1212678.71,461269.94,1212608.38,461291.39,1212597.72,461385.63,1212550.9
461385.63,1212550.9,461412.8,1212543.16,461439.34,1212551.29,461450.95,1212554.84,461494.83,1212555.06
461494.83,1212555.06,461564.0,1212580.0,461584.67,1212599.36,461659.0,1212669.0
461605.06,1213412.65,461573.23,1213420.3,461560.09,1213429.36,461520.0,1213457.0
461520.0,1213457.0,461572.10000000003,1213528.18,461624.2,1213599.37
462043.19,1213376.36,461962.62,1213383.9,461823.10000000003,1213386.96,461717.03,1213389.28,461605.06,1213412.65
461659.0,1212669.0,461664.0,1212614.0,461658.14,1212602.91,461636.0,1212561.0,461640.21,1212541.07
461659.0,1212669.0,461701.64,1212718.6,461834.69,1212781.51,461948.0,1212893.99,461955.39,1212901.32,462070.96,1213000.37,462114.55,1213025.08,462164.62,1213035.92,462170.68,1213043.18,462234.01,1213119.05
461949.33,1214146.53,461969.07,1214163.41,461981.19,1214214.8,462057.0,1214284.0,462057.27,1214302.92,462057.34,1214307.83,462055.01,1214311.02,462041.23,1214329.81,462003.14,1214338.71,461974.14,1214336.15,461943.86,1214363.27,461915.91000000003,1214347.82,461911.74,1214310.84,461905.45,1214306.1
461949.33,1214146.53,461939.76,1214163.1400000001,461930.2,1214179.75
462043.19,1213376.36,462083.14,1213801.22,462083.60000000003,1213801.98,462139.45,1213894.0,462013.0,1214021.0,461949.33,1214146.53
462043.19,1213376.36,462098.0,1213354.0,462111.02,1213338.95,462112.56,1213337.16,462113.58,1213335.98,462114.55,1213334.87,462130.0,1213317.0,462159.69,1213267.22,462195.0,1213208.0,462234.01,1213119.05
462221.22000000003,1212747.38,462316.36,1212719.87,462411.5,1212692.35
462234.01,1213119.05,462313.88,1213043.51,462362.0,1212998.0,462398.95,1212974.69
462398.95,1212974.69,462387.60000000003,1212955.02,462389.76,1212920.65,462408.15,1212834.65,462423.95,1212760.79,462411.5,1212692.35
462398.95,1212974.69,462472.0,1212934.0,462577.0,1212843.0,462606.94,1212821.97,462803.08,1212684.19,462819.0,1212673.0
462917.02,1213036.03,462934.0,1212977.0,462983.0,1212878.0,462954.69,1212842.61,462940.56,1212824.95,462916.4,1212794.75,462829.18,1212685.73,462825.75,1212681.43,462824.06,1212679.32,462819.0,1212673.0
463208.0,1215775.0,463173.0,1215964.0,463154.0,1216007.0,463056.12,1216309.66,463002.66000000003,1216474.96,463007.15,1216478.3900000001,463019.37,1216471.19,463112.0,1216375.0,463140.0,1216363.0,463162.0,1216363.0,463179.0,1216371.0,463190.0,1216390.0,463222.53,1216523.09
463476.18,1213899.91,463481.0,1214000.0,463458.0,1214133.0,463442.0,1214175.0,463407.0,1214215.0,463306.42,1214824.2,463301.0,1214857.0,463157.0,1215035.0,463030.0,1215412.0,463033.0,1215453.0,463049.0,1215491.0,463186.0,1215648.0
463186.0,1215648.0,463197.0,1215711.5,463208.0,1215775.0
463222.53,1216523.09,463226.66000000003,1216541.1,463230.79000000004,1216559.1
463230.79000000004,1216559.1,463234.76,1216604.26,463235.0,1216607.0,463228.0,1216649.0
463230.79000000004,1216559.1,463252.19,1216567.36,463256.25,1216573.5,463272.95,1216598.78
459618.21,1210296.81,459614.78,1210348.86,459611.36,1210400.91,459607.26,1210454.22,459603.16000000003,1210507.52
459618.21,1210296.81,459631.53,1210295.45,459665.67,1210277.48,459711.65,1210253.28
459618.21,1210296.81,459634.91000000003,1210212.57,459705.23,1210138.24,459800.45,1210005.94,459813.85000000003,1209999.85,459860.52,1209997.21,459865.68,1209996.92,459888.41000000003,1209985.05,459920.46,1209956.73,459929.0,1209930.0,459935.66000000003,1209928.57,459938.01,1209928.07,459941.5,1209927.32,459957.0,1209924.0,459992.0,1209877.0,460057.0,1209867.0,460131.0,1209816.0,460197.0,1209799.0
459959.17,1209146.04,459960.0,1209091.0,460049.0,1208867.0,460081.0,1208815.0,460096.0,1208730.0,460169.0,1208740.0,460175.5,1208743.15,460202.0,1208756.0,460292.0,1208847.0,460296.36,1208906.6,460298.55,1208908.4,460299.93,1208909.53,460302.99,1208912.05,460305.19,1208913.86,460399.0,1208991.0,460568.12,1209033.11,460646.56,1209050.56,460725.0,1209068.0
460174.95,1209930.4,460185.98,1209864.7,460197.0,1209799.0
460197.0,1209799.0,460252.23,1209759.97,460272.0,1209746.0,460315.0,1209740.0
460210.62,1209604.21,460260.74,1209598.27,460266.31,1209597.61,460281.91000000003,1209595.75,460322.0,1209591.0
460315.0,1209740.0,460318.5,1209665.5,460322.0,1209591.0
460716.26,1210047.91,460661.21,1210069.83,460650.95,1210073.92,460611.61,1210101.78,460600.88,1210093.9,460584.32,1210018.58,460534.25,1209960.6,460491.33,1209890.63,460417.4,1209770.1,460358.45,1209745.35,460315.0,1209740.0
460322.0,1209591.0,460436.0,1209565.0,460464.23,1209547.79,460592.31,1209469.73
460755.77,1209551.33,460745.32,1209541.04,460675.46,1209508.48,460592.31,1209469.73
460592.31,1209469.73,460664.0,1209424.0,460687.0,1209391.0,460698.68,1209291.7,460725.0,1209068.0
460725.0,1209068.0,460738.0,1208952.91,460743.62,1208903.25,460745.0,1208891.0,460822.0,1208834.0,460844.0,1208803.0,460849.0,1208784.0
460875.0,1209103.0,460800.0,1209085.5,460725.0,1209068.0
460875.0,1209103.0,460880.59,1209055.1400000001,460882.94,1209035.09,460885.18,1209015.8900000001,460886.52,1209004.41,460888.25,1208989.63,460888.5,1208987.5,460892.52,1208953.15,460902.0,1208872.0
460948.0,1209119.0,460911.5,1209111.0,460875.0,1209103.0
461506.02,1209243.4,461227.01,1209181.2,460948.0,1209119.0
460948.0,1209119.0,460958.0,1209176.0,460968.0,1209233.0
461385.63,1212550.9,461307.8,1212522.1,461229.61,1212455.97,461224.47000000003,1212451.62,461166.49,1212436.87,461082.47000000003,1212399.02,461061.12,1212383.05
461371.0,1208845.0,461438.51,1209044.2,461506.02,1209243.4
461465.52,1212446.91,461480.17,1212500.99,461494.83,1212555.06
461678.19,1209282.76,461592.11,1209263.08,461506.02,1209243.4
461678.19,1209282.76,461674.10000000003,1209303.88,461670.0,1209325.0,461692.51,1209331.8900000001,461715.02,1209338.78
461998.43,1209355.62,461838.31,1209319.19,461678.19,1209282.76
461998.43,1209355.62,461991.45,1209383.26,461990.0,1209389.0,461999.69,1209409.3900000001
461999.69,1209409.3900000001,461995.23,1209421.45,461994.96,1209422.18,462006.60000000003,1209425.38
462129.37,1209385.65,462063.9,1209370.63,461998.43,1209355.62
461999.69,1209409.3900000001,462010.05,1209412.85,462009.77,1209413.85,462006.60000000003,1209425.38
462006.60000000003,1209425.38,462013.38,1209443.8,462011.24,1209453.8,462005.0,1209483.0
462057.54000000004,1209512.16,462079.0,1209480.0,462083.77,1209480.5,462127.0,1209485.0
462059.0,1209411.0,462082.0,1209426.0,462088.03,1209427.02,462121.14,1209432.63
462675.18,1200133.93,462637.84,1200374.61,462628.0,1200438.0,462577.0,1200610.0
461377.3,1200751.8900000001,461518.0,1200708.0,461572.0,1200684.0,461597.0,1200664.0,461612.24,1200632.32,461635.0,1200585.0,461698.31,1200373.11
463005.83,1200760.4,462994.51,1200742.11,462957.05,1200720.59,462936.96,1200693.59,462901.45,1200674.67,462808.49,1200643.55,462714.27,1200612.01,462577.0,1200610.0
462577.0,1200610.0,462550.0,1200706.0,462529.37,1200849.61,462500.0,1201054.0,462490.0,1201091.0
459970.48,1200649.85,459960.17,1200675.75,459949.87,1200701.65
460357.51,1200668.13,460398.21,1200710.38,460421.51,1200734.56,460426.75,1200759.09
459949.87,1200701.65,459988.0,1200719.0,459995.22000000003,1200714.67,460001.0,1200711.2,460026.39,1200675.79
460323.60000000003,1200778.9,460361.06,1200734.71,460366.63,1200728.13,460366.41000000003,1200719.3900000001,460337.9,1200690.53
460021.0,1200996.0,460017.0,1200978.0,460037.72000000003,1200927.88,459941.0,1200885.0,459938.29000000004,1200880.25,459933.0,1200871.0,459925.0,1200787.0,459949.87,1200701.65
460885.37,1200715.42,460913.61,1200904.35,460922.2,1201004.19,460917.25,1201074.35,460886.83,1201160.37,460888.14,1201195.73,460899.2,1201233.72,460900.73,1201236.16,461069.49,1201505.1,461127.13,1201531.52,461276.81,1201535.85
461377.3,1200751.8900000001,461300.65,1200717.65,461134.98,1200716.76,460885.37,1200715.42
460885.37,1200715.42,460653.9,1200717.76,460618.36,1200718.11,460426.75,1200759.09
462490.0,1201091.0,462414.0,1201040.0,462375.0,1201027.0,461917.45,1200957.91,461913.60000000003,1200957.33,461744.32,1200958.31,461712.42,1200948.65,461652.27,1200906.97,461377.3,1200751.8900000001
460426.75,1200759.09,460375.18,1200768.99,460323.60000000003,1200778.9
460323.60000000003,1200778.9,460306.74,1200796.11,460289.89,1200813.33
460289.89,1200813.33,460270.23,1200804.8,460238.96,1200801.22,460186.41000000003,1200795.21
460289.89,1200813.33,460263.51,1200842.2,460237.14,1200871.08
463118.57,1200837.47,463131.11,1200858.94,463106.92,1200890.59,463099.5,1200956.4,463099.45,1200962.83,463098.63,1201060.54,463072.8,1201090.61
460237.14,1200871.08,460186.57,1200925.04,460136.0,1200979.0
460350.34,1200938.54,460293.74,1200904.81,460237.14,1200871.08
459084.0,1201119.0,459113.29000000004,1201051.95,459081.75,1201029.75,459075.0,1201025.0,459038.71,1200977.99,459036.96,1200975.71,459028.87,1200965.24,459011.78,1200943.09
460136.0,1200979.0,460090.0,1200991.0,460079.21,1200991.78,460021.0,1200996.0
460064.10000000003,1201060.68,460100.05,1201019.84,460136.0,1200979.0
459988.27,1201050.12,460004.63,1201023.06,460021.0,1200996.0
459139.27,1201045.1,459177.63,1201061.05,459216.0,1201077.0
459929.0,1201219.0,459939.0,1201203.0,459953.74,1201133.0,459959.0,1201108.0,459988.27,1201050.12
459988.27,1201050.12,460025.81,1201059.27,460037.0,1201062.0,460064.10000000003,1201060.68
460064.10000000003,1201060.68,460074.8,1201068.52,460073.69,1201100.75,460079.38,1201118.95,460081.71,1201126.3900000001,460132.19,1201152.42
459184.0,1201123.0,459200.0,1201100.0,459216.0,1201077.0
459216.0,1201077.0,459247.61,1201095.97,459252.04000000004,1201098.62,459258.11,1201102.27,459264.81,1201106.29,459271.0,1201110.0,459281.52,1201131.48,459280.5,1201157.25
459084.0,1201119.0,459120.5,1201138.5,459157.0,1201158.0
462811.55,1201250.96,462920.0,1201202.0,462948.33,1201181.35,463072.8,1201090.61
462490.0,1201091.0,462632.19,1201185.56,462699.0,1201230.0,462748.0,1201255.0,462783.0,1201261.0
459157.0,1201158.0,459170.5,1201140.5,459184.0,1201123.0
459184.0,1201123.0,459228.97000000003,1201151.0,459237.0,1201156.0,459280.5,1201157.25
459280.5,1201157.25,459298.31,1201177.19,459301.78,1201181.07,459333.0,1201216.0,459362.19,1201238.09,459370.0,1201244.0,459411.0,1201262.0,459471.0,1201272.0
458864.0,1201860.0,458894.0,1201823.0,458914.24,1201784.16,458988.15,1201634.21,459032.0,1201596.0,459073.19,1201532.35,459072.81,1201520.38,459072.29000000004,1201503.91,459041.0,1201445.0,459034.0,1201418.0,459040.0,1201379.0,459057.60000000003,1201348.03,459133.0,1201248.0,459157.0,1201158.0
459672.0,1201291.0,459791.0,1201277.0,459810.3,1201278.48,459843.0,1201281.0,459878.0,1201261.0,459929.0,1201219.0
460072.25,1201534.53,460070.58,1201517.81,460037.61,1201438.63,460024.47000000003,1201343.84,460021.7,1201323.88,460028.56,1201279.79,460023.89,1201247.9,460000.0,1201231.0,459929.0,1201219.0
462830.92,1201281.54,462821.23,1201266.25,462811.55,1201250.96
462783.0,1201261.0,462797.28,1201255.98,462811.55,1201250.96
462783.0,1201261.0,462806.96,1201271.27,462830.92,1201281.54
459471.0,1201272.0,459530.0,1201269.0,459552.85000000003,1201272.73,459634.0,1201286.0
459484.7,1201339.41,459480.97000000003,1201304.96,459480.0,1201296.0,459471.0,1201272.0
462958.71,1201289.58,462920.5,1201293.76,462894.21,1201291.71,462845.05,1201287.8900000001,462830.92,1201281.54
459634.0,1201286.0,459653.0,1201288.5,459672.0,1201291.0
459634.0,1201286.0,459642.47000000003,1201296.73,459650.94,1201307.45
459650.94,1201307.45,459661.47000000003,1201299.23,459672.0,1201291.0
459569.0,1201610.0,459624.0,1201502.0,459616.27,1201462.08,459612.0,1201440.0,459632.0,1201402.0,459650.94,1201307.45
459484.7,1201339.41,459466.19,1201356.34,459467.83,1201374.36,459467.83,1201374.41,459479.0,1201370.0,459484.7,1201339.41
461921.95,1201527.54,461922.83,1201535.91,461923.72000000003,1201544.29
461276.81,1201535.85,461599.76,1201542.41,461730.14,1201545.05,461921.95,1201527.54
461073.14,1201913.05,461125.26,1201905.18,461143.64,1201888.97,461205.14,1201749.68,461275.14,1201591.15,461280.94,1201556.62,461276.81,1201535.85
460448.73,1201824.93,460447.08,1201835.74,460421.54000000004,1201844.76,460089.0,1201916.0,460051.0,1201915.0,459972.85000000003,1201889.2,459845.0,1201847.0,459569.0,1201610.0
459035.0,1202372.0,459140.60000000003,1202227.44,459218.0,1202103.0,459314.98,1201997.83,459455.0,1201846.0,459460.37,1201834.88,459462.37,1201830.75,459510.71,1201730.67,459511.53,1201728.97,459512.97000000003,1201725.99,459514.52,1201722.78,459569.0,1201610.0
458864.0,1201860.0,458894.0,1201894.0,458914.0,1201933.0,458966.12,1202108.72,459019.0,1202287.0,459035.0,1202372.0
459035.0,1202372.0,459043.84,1202660.33,459048.0,1202796.0,459063.0,1202948.0
459063.0,1202948.0,459078.83,1203105.27,459094.67,1203262.54,459107.0,1203362.0,459126.0,1203441.0,459161.21,1203542.17,459256.08,1203814.72
458749.39,1204118.9,458757.12,1204073.07,458802.76,1203965.99,458846.06,1203906.02,458938.59,1203886.8,459001.99,1203873.6400000001,459148.56,1203867.82,459256.08,1203814.72
459256.08,1203814.72,459512.53,1204558.31,459612.0,1204848.0,459644.0,1204927.0,459667.0,1204965.0,459723.79000000004,1205047.68,459735.0,1205064.0,460134.0,1205583.0,460291.0,1205812.0,460322.0,1205874.0,460344.0,1205954.0,460369.0,1206171.0
460915.17,1205246.16,460933.0,1205289.0,460941.0,1205374.0,460861.0,1205669.0,460768.09,1205763.79,460369.0,1206171.0
460896.7,1208348.47,460863.0,1208214.0,460850.0,1208131.0,460843.0,1208073.0,460845.0,1208000.0,460862.0,1207757.0,460940.0,1207345.0,460941.0,1207313.0,460923.0,1207263.0,460896.0,1207232.0,460841.05,1207195.94,460576.0,1207022.0,460531.0,1206977.0,460510.0,1206941.0,460460.0,1206818.0,460430.0,1206680.0,460369.0,1206171.0
454383.0,1202211.0,454381.0,1202254.0,454364.0,1202317.74,454361.0,1202329.0,454329.0,1202401.0,454313.35000000003,1202410.99
454313.35000000003,1202410.99,454324.3,1202442.75,454339.64,1202460.28,454343.92,1202460.88,454346.17,1202461.19,454404.52,1202469.3900000001
454325.0,1202592.0,454398.0,1202670.0,454435.32,1202688.99,454455.0,1202699.0,454487.0,1202705.0,454521.0,1202699.0,454539.0,1202689.0,454565.0,1202660.0
454383.0,1202211.0,454384.60000000003,1202091.84,454363.0,1202021.0,454357.0,1201979.0,454356.53,1201759.68,454408.36,1201536.45,454452.22000000003,1201348.53,454455.0,1201217.65,454585.49,1200668.69,454588.92,1200523.1400000001,454589.78,1200486.5,454572.0,1200324.36,454571.5,1200205.85,454535.82,1200038.16,454517.82,1200000.0,454512.0,1199962.0,454539.0,1199875.0,454542.0,1199841.0,454547.0,1199744.0,454543.05,1199711.31,454494.98,1199516.29,454464.0,1199453.0,454409.0,1199369.0,454384.0,1199289.0,454387.0,1199183.0,454369.94,1199077.78,454374.54000000004,1199063.09,454375.71,1199059.36,454406.94,1198959.55,454410.8,1198859.44
454383.0,1202211.0,454408.0,1202213.0,454489.96,1202188.05,454553.89,1202179.7,454691.89,1202161.69,454705.99,1202155.69,454716.43,1202137.79
456535.0,1200982.0,456596.0,1200971.0,456594.25,1200951.37,456587.0,1200870.0
456538.49,1200432.03,456551.44,1200433.93,456566.99,1200436.23,456591.59,1200439.85,456595.5,1200440.43
456587.0,1200870.0,456569.11,1200714.75,456559.0,1200627.0,456605.0,1200577.0
456587.0,1200870.0,456600.04000000004,1200868.1,456613.08,1200866.21,456655.04000000004,1200860.1,456697.0,1200854.0
456595.5,1200440.43,456589.0,1200508.0,456589.33,1200509.43,456605.0,1200577.0
456605.0,1200577.0,456647.37,1200716.76,456662.0,1200765.0,456697.0,1200854.0
456697.0,1200854.0,456744.0,1200953.0,456793.0,1201038.0,456839.0,1201106.0,456947.49,1201238.31,456998.31,1201300.48,457076.94,1201459.9,457118.7,1201524.48,457140.48,1201546.78,457242.67,1201637.29,457298.95,1201676.2,457349.0,1201687.61,457391.98,1201676.92,457567.89,1201618.62,457577.61,1201616.42,457631.95,1201604.1,457787.3,1201599.69,457858.36,1201606.95,458570.0,1201757.0,458805.0,1201826.0,458864.0,1201860.0
458309.10000000003,1203482.5,458216.09,1203367.93,458197.0,1203356.0,458024.0,1203364.0,457808.18,1203319.67,457755.39,1203321.41,457653.53,1203371.85,457553.64,1203395.3900000001,457433.43,1203479.18,457277.24,1203588.06,457173.68,1203672.51,457159.39,1203672.79,457133.57,1203657.18,456960.43,1203652.5,456930.10000000003,1203764.69,456886.27,1203854.55,456838.68,1203909.1400000001,456770.36,1203958.19,456732.41000000003,1204010.75
456914.43,1206098.66,456964.27,1206076.71,456992.41000000003,1206077.5,457014.48,1206063.45,457031.21,1206064.82,457131.16000000003,1206072.98,457154.8,1206064.0
456977.76,1205632.66,456971.0,1205617.0,457000.0,1205475.0,457007.52,1205456.84,457077.0,1205289.0
457077.0,1205289.0,457131.0,1205156.0,457204.0,1204896.0,457256.85000000003,1204792.15,457285.04000000004,1204736.73,457338.0,1204660.0,457419.0,1204573.0,457447.0,1204550.0,457559.0,1204483.0,457622.0,1204420.0,457720.0,1204353.0,457744.0,1204313.0,457774.73,1204276.79,457800.0,1204247.0,457854.0,1204147.0,457898.0,1204106.0
457148.15,1205387.5,457112.58,1205338.25,457077.0,1205289.0
457191.0,1205978.0,457220.0,1205920.0,457222.0,1205700.0,457229.89,1205680.2,457252.4,1205650.68,457288.0,1205604.0,457291.0,1205587.0,457283.0,1205577.0,457207.0,1205545.0,457199.0,1205472.0,457148.15,1205387.5
457148.15,1205387.5,457308.36,1205323.47,457397.9,1205287.69,457414.35000000003,1205284.21,457427.06,1205281.52,457450.61,1205276.54,457467.28,1205261.85
457154.8,1206064.0,457200.0,1206126.0,457287.05,1206192.87,457302.82,1206211.6400000001,457330.0,1206244.0,457358.0,1206332.0,457368.48,1206407.67
457191.0,1205978.0,457166.60000000003,1206019.12,457156.0,1206037.0,457154.8,1206064.0
457571.58,1206010.8,457497.09,1206086.8900000001,457484.45,1206093.04,457430.94,1206059.24,457398.93,1206055.31,457394.51,1206054.77,457323.0,1206046.0,457191.0,1205978.0
457898.0,1204106.0,457869.57,1204008.55,457867.19,1203982.93,457866.52,1203975.68,457871.42,1203938.37,457908.14,1203864.68
457898.0,1204106.0,458000.0,1204004.0,458027.0,1203952.0,458044.0,1203890.0,458092.10000000003,1203790.96,458095.0,1203785.0,458309.10000000003,1203482.5
458309.10000000003,1203482.5,458409.0,1203332.0,458452.0,1203187.0,458471.0,1203164.0,458504.02,1203139.17,458586.28,1203089.56,458627.0,1203065.0,458980.94,1202965.97,459063.0,1202948.0
458750.0,1200704.0,458734.0,1200712.0,458703.0,1200747.0,458701.0,1200758.0,458750.0,1200861.0,458834.18,1201016.07,458863.63,1201070.33,458860.0,1201121.0,458913.0,1201170.0,458972.83,1201146.71,459035.9,1201120.37,459059.18,1201114.91,459084.0,1201119.0
453164.0,1202665.0,453149.0,1202631.0,452987.0,1202392.0,452939.0,1202256.0,452912.0,1202219.0,452780.0,1202080.0,452742.0,1202056.0,452681.0,1202050.0,452582.0,1202004.0,452461.0,1201991.0,452405.0,1201972.0,452299.0,1201960.0,452248.82,1201922.03,452222.0,1201880.0,452190.0,1201791.0,452169.0,1201646.0,452102.0,1201419.0,452081.0,1201286.0,452083.0,1201201.0,452120.0,1201106.0,452137.22000000003,1201043.27,452149.98,1200994.85,452151.62,1200942.51,452137.55,1200811.67,452102.73,1200622.2,452093.06,1200569.61,451974.98,1200370.3900000001,451911.19,1200239.55,451865.72000000003,1200062.25,451863.16000000003,1200000.0,451851.0,1199940.0,451817.0,1199899.0,451756.0,1199876.0,451721.0,1199855.0,451596.0,1199810.0,451523.0,1199763.0,451342.0,1199707.0,451276.93,1199671.1,451255.0,1199659.0,451238.0,1199633.0,451206.0,1199531.0,451148.93,1199441.93,451133.0,1199428.0,451074.28,1199416.22,451055.09,1199393.62,451049.0,1199337.0,451024.33,1199275.51,451085.23,1199226.84,451293.3,1198852.91,451355.0,1198801.0,451386.9,1198755.17,451416.0,1198698.0,451420.0,1198673.0
453944.12,1199964.9,453935.65,1200016.8900000001,453927.19,1200068.8900000001
453927.19,1200068.8900000001,453942.22000000003,1200103.88,453942.47000000003,1200104.44,453932.81,1200140.6400000001
453927.19,1200068.8900000001,453916.3,1200152.62,453905.79000000004,1200191.36,453873.17,1200311.59
453873.17,1200311.59,453888.72000000003,1200352.35,453883.52,1200374.5,453878.84,1200394.47,453861.05,1200352.21
453873.17,1200311.59,453867.11,1200331.9,453861.05,1200352.21
453861.05,1200352.21,453841.07,1200431.09,453821.08,1200509.98
453821.08,1200509.98,453829.7,1200531.81,453828.29000000004,1200537.25,453820.97000000003,1200565.41
453821.08,1200509.98,453803.10000000003,1200577.26,453772.87,1200635.85,453750.27,1200679.67,453751.10000000003,1200717.21,453727.34,1200759.74
454313.35000000003,1202410.99,454306.63,1202414.02,454304.56,1202414.95,454292.59,1202420.33,454290.19,1202421.42,454280.0,1202426.0,454265.0,1202446.0,454265.47000000003,1202466.95,454266.01,1202490.72,454290.78,1202543.99
454290.78,1202543.99,454307.89,1202567.99,454325.0,1202592.0
454290.78,1202543.99,454288.0,1202560.0,454281.48,1202566.0,454263.0,1202583.0
454325.0,1202592.0,454307.12,1202581.61,454295.4,1202581.98,454263.0,1202583.0
454263.0,1202583.0,454239.14,1202681.31,454230.0,1202719.0,454206.47000000003,1202776.78
454263.0,1202583.0,453981.0,1202606.0,453949.0,1202622.0,453911.0,1202655.0,453669.0,1202677.0,453665.01,1202678.1,453604.0,1202695.0,453326.08,1202816.6,453250.0,1202811.0,453226.0,1202795.0,453209.0,1202769.0,453164.0,1202665.0
453186.0,1203231.0,453138.0,1203104.0,453120.0,1203017.0,453112.57,1202946.72,453107.0,1202894.0,453111.0,1202826.0,453137.0,1202701.0,453147.0,1202678.0,453164.0,1202665.0
454206.47000000003,1202776.78,454171.0,1202837.0,454123.94,1202864.59,454084.0,1202888.0,454067.66000000003,1202964.41
454206.47000000003,1202776.78,454219.0,1202801.0,454219.14,1202805.85,454220.07,1202837.95
454067.66000000003,1202964.41,454110.09,1202974.49,454133.01,1202958.09,454191.39,1202916.31
454067.66000000003,1202964.41,454047.98,1203031.58,454042.0,1203052.0,454016.17,1203093.31
454224.37,1203078.8,454188.0,1203092.0,454148.0,1203084.0,454131.8,1203097.8,454094.0,1203130.0,454056.0,1203124.0,454046.13,1203116.13
454046.13,1203116.13,454060.52,1203097.76,454074.9,1203079.3900000001
454046.13,1203116.13,454031.15,1203104.72,454016.17,1203093.31
454016.17,1203093.31,454003.58,1203114.74,453991.0,1203136.16
453991.0,1203136.16,453990.46,1203178.73,453994.69,1203188.95,454015.18,1203238.52
453991.0,1203136.16,453952.21,1203213.02,453939.09,1203320.09,453938.0,1203329.0,453912.0,1203412.0,453898.0,1203509.0
453026.28,1203318.98,453032.0,1203194.0,453043.0,1203173.0,453051.13,1203173.45,453133.0,1203178.0,453186.0,1203231.0
453186.0,1203231.0,453225.07,1203308.02,453248.75,1203328.87,453288.16000000003,1203343.69,453311.0,1203368.0,453334.0,1203418.0,453352.0,1203499.0,453353.55,1203539.31,453361.0,1203733.0,453333.0,1203823.0,453336.0,1203861.0,453348.33,1203904.82
453898.0,1203509.0,453843.87,1203477.28,453789.73,1203445.57,453765.06,1203425.02,453762.36,1203394.25,453771.94,1203373.51,453807.94,1203295.58
453898.0,1203509.0,453880.02,1203538.86,453826.05,1203628.47,453822.96,1203633.59,453796.01,1203666.42,453763.0,1203687.0,453743.95,1203735.5,453699.42,1203917.75,453679.85000000003,1203997.8900000001,453678.08,1204038.74,453699.0,1204073.0,453698.65,1204097.08
453959.0,1204036.0,453992.78,1204003.69,454007.41000000003,1203975.2,454019.86,1203962.66,454079.27,1203902.83,454082.8,1203891.23
453348.33,1203904.82,453287.29000000004,1203895.54,453248.63,1203898.45,453238.61,1203899.2,453200.14,1203911.24,453162.62,1203944.5
453348.33,1203904.82,453423.31,1204045.51,453479.0,1204150.0,453508.0,1204179.0
453879.56,1204073.79,453920.7,1204057.62,453935.0,1204052.0,453959.0,1204036.0
453959.0,1204036.0,454097.03,1204060.82,454172.67,1204063.23,454220.76,1204064.76,454250.27,1204061.72,454252.39,1204061.5,454274.26,1204059.25,454352.55,1204108.23,454363.18,1204127.11
452963.55,1204301.35,452958.69,1204197.44,452946.58,1204184.02,452941.28,1204171.29,452932.86,1204151.04,452900.17,1204041.88
453817.27,1204128.56,453854.0,1204131.0,453859.27,1204119.2,453879.56,1204073.79
453698.65,1204097.08,453726.62,1204104.5,453737.8,1204107.47,453754.59,1204111.92,453770.0,1204116.01,453785.93,1204120.24,453817.27,1204128.56
453698.65,1204097.08,453686.37,1204123.0,453684.0,1204128.0,453664.63,1204140.69
453817.27,1204128.56,453812.5,1204152.59,453812.27,1204153.75,453827.68,1204171.26
453664.63,1204140.69,453623.0,1204149.0,453576.96,1204140.52,453547.0,1204135.0,453508.0,1204179.0
453664.63,1204140.69,453672.16000000003,1204163.93,453697.76,1204179.21,453748.43,1204230.47,453753.56,1204238.66,453780.18,1204281.2,453790.89,1204342.45,453812.57,1204351.84
453508.0,1204179.0,453509.56,1204206.0,453511.11,1204233.0
450743.81,1204618.57,450825.28,1204624.54,450981.88,1204584.8,451080.0,1204528.0,451194.08,1204492.42,451450.22000000003,1204380.93,451473.97000000003,1204377.85,451576.51,1204404.68,451773.0,1204377.0,451848.56,1204383.2,452087.87,1204402.83,452365.53,1204231.28,452398.88,1204219.92,452425.3,1204221.82,452461.93,1204240.93,452569.48,1204339.0,452764.16000000003,1204394.6,452816.26,1204399.13,452874.92,1204440.28,452893.0,1204442.0
453511.11,1204233.0,453488.04000000004,1204234.1400000001,453464.97000000003,1204235.29
453511.11,1204233.0,453526.69,1204348.82,453529.0,1204366.0,453531.4,1204465.45
452963.55,1204301.35,453026.47000000003,1204316.08,453051.23,1204330.8,453089.01,1204342.62,453103.0,1204347.0,453089.0,1204401.0,453090.06,1204409.11,453090.11,1204409.48,453092.0,1204424.0,453085.14,1204462.77
452975.0,1204417.0,452969.28,1204359.18,452963.55,1204301.35
452893.0,1204442.0,452934.0,1204429.5,452975.0,1204417.0
453085.14,1204462.77,453044.0,1204445.0,453030.56,1204435.1,453006.0,1204417.0,452975.0,1204417.0
452893.0,1204442.0,452887.18,1204472.1,452852.0,1204532.0,452838.72000000003,1204549.75,452800.94,1204600.22,452755.72000000003,1204638.5,452732.15,1204676.52,452713.76,1204743.1,452707.57,1204765.51,452667.73,1204846.83
453531.4,1204465.45,453526.0,1204482.0,453506.0,1204495.0,453395.0,1204536.0,453312.08,1204548.99,453312.0,1204549.0,453240.0,1204531.0,453085.14,1204462.77
453085.14,1204462.77,453059.12,1204698.06,453059.12,1204698.08,453075.49,1204833.98,453085.14,1204860.1400000001,453153.97000000003,1204881.18
453531.4,1204465.45,453542.15,1204474.1400000001,453552.9,1204482.82,453594.79000000004,1204501.72,453619.0,1204536.0,453658.54000000004,1204550.83,453667.0,1204554.0,453685.0,1204570.0,453683.81,1204598.09,453663.88,1204644.25,453645.3,1204642.67
450743.81,1204618.57,450734.45,1204607.1,450741.39,1204574.46,450749.06,1204538.35,450744.46,1204528.07
450607.73,1204857.01,450639.24,1204858.1400000001,450670.75,1204859.28,450679.79000000004,1204722.74,450683.21,1204671.17,450705.51,1204632.97,450743.81,1204618.57
