421211.0,1071761.0,421224.0,1071668.0,421218.0,1071651.0,421089.17,1071493.87,420954.0,1071329.0,420912.0,1071302.0,420878.24,1071262.44
421142.88,1071826.33,421180.06,1071796.43,421198.0,1071782.0,421211.0,1071761.0
422131.0,1072245.0,422064.0,1072197.0,422029.0,1072197.0,421989.0,1072208.0,421950.0,1072207.0,421907.0,1072195.0,421797.0,1072181.0,421737.0,1072162.0,421729.12,1072151.91,421716.96,1072136.35,421712.0,1072130.0,421717.0,1072065.0,421712.0,1072042.0,421693.55,1072023.31,421651.37,1071980.57,421596.01,1071955.66,421407.0,1071914.0,421387.39,1071899.38,421350.0,1071841.0,421322.0,1071813.0,421269.24,1071799.57,421211.0,1071761.0
421142.88,1071826.33,421089.27,1071798.84,421051.7,1071816.4,421020.85000000003,1071830.83,420988.38,1071832.18,420976.72000000003,1071826.86,420970.53,1071812.65,420975.82,1071808.31
421089.2,1072066.27,421077.0,1071993.0,421096.0,1071957.0,421079.63,1071931.47,421062.0,1071904.0,421080.0,1071880.0,421142.88,1071826.33
421078.0,1073248.0,421131.0,1073206.0,421138.0,1073136.0,421158.0,1073120.0,421163.0,1073105.0,421163.0,1073082.0,421173.0,1073052.0,421175.0,1072976.0,421172.0,1072957.0,421147.0,1072929.0,421146.0,1072885.0,421121.0,1072853.0,421121.0,1072819.0,421076.0,1072706.0,421079.0,1072658.0,421089.0,1072626.0,421104.0,1072607.0,421086.0,1072593.0,421048.0,1072578.0,421042.0,1072564.0,421052.0,1072543.0,421092.0,1072496.0,421092.08,1072495.3,421096.0,1072460.0,421144.0,1072403.0,421152.0,1072372.0,421125.0,1072350.0,421122.0,1072341.0,421109.0,1072205.39,421102.55,1072196.29,421016.79000000004,1072130.65,420997.10000000003,1072115.59,420977.32,1072100.44,420890.58,1072043.72,420876.09,1072028.61,420875.26,1072016.81,420882.56,1072005.26,420886.11,1071999.62,420888.72000000003,1071995.49,420892.73,1071995.03,420907.12,1071993.37,420912.11,1071992.8,421049.77,1072073.53,421062.19,1072075.81,421089.2,1072066.27
422158.08,1074066.88,422106.0,1074028.0,422099.0,1073998.0,422189.0,1073893.0,422195.0,1073879.0,422193.0,1073842.0,422177.0,1073799.0,422098.0,1073673.0,422073.0,1073663.0,421863.0,1073692.0,421843.0,1073683.0,421832.0,1073660.0,421836.0,1073632.0,421851.0,1073603.0,421913.0,1073514.0,421955.0,1073466.0,421988.0,1073412.0,422011.0,1073351.0,422038.03,1073232.06,422041.0,1073219.0,422031.0,1073193.0,421990.0,1073159.0,421957.0,1073048.0,421954.0,1072979.0,421966.0,1072923.0,421964.0,1072886.0,421915.0,1072780.0,421857.0,1072706.0,421850.0,1072687.0,421851.0,1072659.0,421867.0,1072626.0,421878.0,1072617.0,422162.0,1072470.0,422186.0,1072450.0,422192.0,1072412.0,422145.66000000003,1072285.13,422140.24,1072270.29,422131.0,1072245.0
422518.53,1072493.04,422514.68,1072483.37,422511.03,1072474.19,422505.0,1072459.07,422499.0,1072444.0,422489.84,1072437.13,422483.0,1072432.0,422463.0,1072428.0,422364.0,1072433.0,422310.0,1072417.0,422308.9,1072416.02,422273.0,1072384.0,422238.0,1072333.0,422180.0,1072299.0,422131.0,1072245.0
419764.0,1069800.0,419814.0,1069822.0,419838.0,1069863.0,419870.0,1069880.0,419882.52,1069878.44,419894.0,1069877.0,419950.0,1069852.0,420027.0,1069839.0
420027.0,1069839.0,420035.0,1069846.0,420050.43,1069895.92,420064.02,1069939.88,420069.0,1069956.0
420410.0,1070157.0,420376.0,1070138.0,420328.0,1070126.0,420252.28,1070026.88,420218.0,1069982.0,420158.0,1069951.0,420069.0,1069956.0
420179.88,1070298.65,420130.0,1070206.0,420111.97000000003,1070132.11,420069.0,1069956.0
420802.68,1070306.27,420761.83,1070183.04,420746.39,1070136.45,420712.73,1070063.06,420558.62,1070103.48,420453.31,1070131.11,420410.0,1070157.0
420589.0,1070698.0,420522.49,1070602.8,420465.81,1070521.68,420463.65,1070508.34,420460.2,1070487.07,420455.0,1070455.0,420458.0,1070436.7,420466.0,1070388.0,420444.0,1070338.0,420426.0,1070267.0,420429.0,1070249.0,420445.0,1070221.0,420434.0,1070192.0,420410.0,1070157.0
420179.88,1070298.65,420222.63,1070282.08,420265.37,1070265.52
420761.0,1071067.0,420708.0,1071023.0,420635.0,1070977.0,420601.0,1070968.0,420542.0,1070970.0,420529.0,1070962.0,420485.0,1070904.0,420382.54000000004,1070801.56,420355.41000000003,1070747.63,420339.0,1070715.0,420296.72000000003,1070709.29,420266.62,1070684.48,420243.22000000003,1070626.15,420249.16000000003,1070610.43,420269.0,1070590.0,420271.0,1070573.0,420230.82,1070514.25,420224.3,1070463.25,420228.0,1070395.0,420206.31,1070338.72,420179.88,1070298.65
420589.0,1070698.0,420612.06,1070685.24,420635.13,1070672.48
420761.0,1071067.0,420779.0,1071015.0,420807.73,1070990.29,420807.96,1070990.09,420829.0,1070972.0,420829.45,1070971.2,420842.0,1070949.0,420842.0,1070921.0,420810.42,1070860.33,420705.07,1070831.51,420679.83,1070808.36,420666.3,1070795.95,420650.0,1070781.0,420589.0,1070698.0
420878.24,1071262.44,420826.69,1071160.13,420810.0,1071127.0,420761.0,1071067.0
420878.24,1071262.44,420931.04000000004,1071239.27,420983.83,1071216.1
