99169.6,912068.49,99209.0,912063.04,99248.40000000001,912057.59,99322.0,912046.0,99348.0,912006.0,99498.0,911820.0,99567.0,911755.0,99610.0,911676.0,99670.0,911538.0,99678.0,911482.0,99700.0,911403.0,99755.0,911342.0,99802.0,911303.0,99878.0,911184.0,99930.0,911115.0,100000.0,910998.0,100018.0,910945.0,100049.0,910905.0,100160.0,910811.0,100217.0,910749.0,100349.6,910644.67,100353.0,910642.0,100367.0,910625.0,100393.0,910569.0,100440.0,910529.0,100484.0,910507.0,100604.0,910470.0,100668.0,910436.0,100746.0,910416.0,100816.0,910373.0,100891.0,910337.0,101120.0,910246.0,101177.38,910232.43,101224.0,910216.0,101327.0,910160.0,101415.0,910060.0,101547.0,909941.0,101729.0,909808.0,101813.0,909718.0,101854.0,909658.0
99169.6,912068.49,99076.32,912055.49,98983.03,912042.5
98960.0,912306.0,99006.0,912285.0,99072.43000000001,912197.09,99143.85,912102.5700000001,99169.6,912068.49
98956.87,912358.01,98953.37,912330.68,98952.0,912320.0,98960.0,912306.0
99345.40000000001,923426.37,99351.0,923444.71,99349.0,923503.0,99339.0,923538.0,99312.0,923592.0,99293.18000000001,923670.86,99291.21,923679.13,99291.0,923680.0,99287.96,923684.56,99283.0,923692.0,99240.0,923717.0,99214.0,923742.0,99213.46,923743.71,99191.40000000001,923812.88,99215.0,923860.0,99231.0,923923.0,99200.0,924017.0,99203.0,924031.0,99220.0,924050.0,99221.0,924066.0,99209.0,924084.0,99196.0,924102.0,99203.0,924177.0,99246.0,924209.0,99248.0,924223.0,99147.0,924263.0,99131.0,924284.0,99127.0,924301.0,99134.0,924332.0,99162.0,924375.0,99185.0,924444.0,99183.0,924490.0,99163.0,924559.0,99184.29000000001,924694.36,99191.0,924737.0,99184.0,924819.0,99155.0,924881.0,99145.0,924949.0,99107.5,925021.8300000001,99102.84,925043.14,99102.09,925059.9500000001,99096.21,925191.63,99101.07,925440.89,99162.12,925614.4400000001,99176.07,925672.9400000001,99184.37,925684.37,99186.81,925687.72,99195.0,925699.0,99230.22,925845.74,99252.27,926148.29
98660.44,926076.38,98958.12,926124.47,98980.0,926128.0,99010.0,926138.0,99062.0,926141.0,99105.0,926151.0,99139.0,926150.0,99200.0,926163.0,99238.0,926148.0,99252.27,926148.29
100061.0,929405.0,100046.0,929379.0,100032.0,929298.0,100000.0,929262.0,99877.0,929160.0,99831.0,929067.0,99818.0,929023.0,99818.0,928975.0,99846.0,928781.0,99890.0,928698.0,99900.0,928662.0,99901.0,928626.0,99897.57,928615.7000000001,99894.0,928605.0,99874.0,928570.0,99830.0,928517.0,99641.05,928333.25,99479.99,928123.85,99395.09,927997.41,99381.69,927954.46,99380.0,927908.0,99368.79000000001,927732.36,99359.34,927679.35,99324.0,927591.0,99215.44,927386.5700000001,99206.71,927351.53,99226.31,927057.13,99227.48,927045.24,99268.35,926628.98,99270.08,926400.0800000001,99252.27,926148.29
9242.0,899133.0,9196.0,899166.0,9149.0,899232.0,9133.0,899279.0,9123.0,899357.0,9128.0,899364.0,9161.0,899369.0,9158.0,899397.0,9190.0,899414.0,9242.66,899586.8,9254.0,899624.0,9263.0,899729.0,9264.0,899854.0,9305.0,899946.0,9297.0,900000.0,9291.0,900079.0,9298.54,900127.54
9298.54,900127.54,9297.19,900133.11,9295.83,900138.67,9297.79,900149.6,9299.76,900160.53,9291.960000000001,900170.67,9284.15,900180.81
9298.54,900127.54,9320.25,900128.93,9341.95,900130.3200000001
