101052.45,747055.3200000001,101022.63,747022.6900000001,100982.97,746997.79,100826.99,746906.93,100772.56,746889.0700000001,100729.66,746888.93,100582.12,746925.5,100543.01000000001,746929.01,100306.73,746890.68,100167.62,746868.11,100000.0,746870.09,99847.90000000001,746887.75,99680.2,746937.75,99628.5,746965.75,99546.1,747033.85
99955.85,745326.08,99897.95,745168.42,99893.48,745150.98,99880.47,745100.18,99878.59,745092.85,99929.51000000001,744740.35,99947.03,744619.09,99956.0,744557.0,99744.97,744195.37,99743.0,744192.0,99743.0,744184.0,99766.40000000001,744153.0,99783.0,744131.0,99939.89,744181.77,100016.0,744208.0,100152.8,744204.38,100205.0,744203.0,100278.0,744226.0,100356.0,744268.0
99843.0,743749.0,99816.75,743734.89,99790.5,743720.78
99821.03,743803.79,99832.02,743776.4,99843.0,743749.0
100385.59,743973.03,100231.2,743909.35,100114.25,743861.12,100000.0,743814.0,99843.0,743749.0
99955.85,745326.08,99908.83,745346.29,99899.0,745360.0,99903.32,745387.76,99906.0,745405.0,99955.0,745455.0,99954.35,745463.67,99913.0,745758.0,99880.0,745938.0,99883.97,745963.63,99896.0,745985.0,99990.59,746009.56,100000.0,746012.0,100054.55,746003.49,100075.43000000001,745978.7000000001,100158.28,745454.14
100158.28,745454.14,100145.79000000001,745455.53,100077.8,745463.0700000001,100074.76000000001,745463.41,100031.75,745459.55,100029.90000000001,745459.38,100016.47,745453.79,100009.2,745450.76,99986.19,745407.62,99955.85,745326.08
98329.63,743311.8,98326.53,743324.22,98178.29000000001,743477.5700000001,98124.95,743541.42,97962.59,744345.0700000001,97956.21,744376.62,97920.0,744892.0,97910.75,745187.92,97957.38,745468.33
97943.0,743187.03,98088.63,743174.99,98145.59,743207.33,98329.63,743311.8
97949.7,747633.9500000001,97958.48,747464.05,97967.25,747294.15
97949.7,747633.9500000001,97950.5,747696.4500000001,97956.90000000001,747714.75,97979.90000000001,747747.34,98050.1,747846.85,98053.5,747846.9,98056.90000000001,747846.9500000001
98778.25,747326.05,98532.95,747365.85,98376.04000000001,747325.29,98342.25,747316.55,97967.25,747294.15
98056.90000000001,747846.9500000001,98220.7,747762.9500000001,98257.45,747735.11,98316.8,747690.15,98434.1,747670.25,98447.42,747704.49
98329.63,743311.8,98350.14,743246.1900000001,98370.66,743180.5700000001
98370.66,743180.5700000001,98464.6,743181.75,98497.66,743187.53,98623.26000000001,743209.5
99557.05,745672.85,98787.05,745682.85,98754.55,745673.55,98696.65000000001,745636.9500000001,98599.45,745629.85,98536.65000000001,745614.85,98449.75,745609.65,98441.05,745613.75,98457.17,745750.28,98542.15000000001,746470.15,98574.85,746601.55,98603.85,746767.05,98623.15000000001,746776.4500000001,98714.05,746780.85,98798.95,746876.35
98618.21,743497.26,98639.16,743445.52,98642.90000000001,743417.96,98638.55,743362.22,98636.62,743354.09,98614.58,743261.28,98623.26000000001,743209.5
98623.26000000001,743209.5,98680.83,743223.16,98742.17,743281.63,98765.56,743294.2000000001,98793.97,743293.33,98854.35,743275.74,98908.5,743245.86,99027.96,743137.43,99179.13,743000.22,99259.0,742945.0,99322.0,742906.0,99359.0,742894.0,99429.0,742904.0
98798.95,746876.35,98775.49,746887.77,98752.03,746899.18
98947.55,747290.55,98863.76000000001,747312.4500000001,98859.15000000001,747313.65,98778.25,747326.05
98778.25,747326.05,98785.78,747417.15,98789.65000000001,747464.05,98798.75,747496.65,98794.8,747506.38
98798.95,746876.35,98883.08,747080.52,98918.45,747166.35,98939.55,747233.85,98947.55,747290.55
99032.95,747266.55,98990.25,747278.55,98947.55,747290.55
99032.95,747266.55,99060.0,747259.0,99241.3,747109.25,99252.61,747108.51,99267.3,747107.55,99342.3,747136.05,99386.2,747139.65,99436.8,747127.65,99507.40000000001,747082.9500000001,99513.85,747075.75,99520.3,747068.55,99533.2,747051.2000000001,99546.1,747033.85
99032.95,747266.55,99045.52,747280.11,99228.59,747477.49,99396.0,747658.0,99413.0,747654.0,99430.0,747637.0,99461.01000000001,747602.87,99470.02,747588.0700000001,99503.03,747533.89
99429.0,742904.0,99379.26000000001,742862.1900000001,99360.0,742846.0,99335.0,742815.0
99756.38,743642.59,99771.88,743405.34,99772.5,743339.84,99766.25,743312.97,99712.88,743227.1900000001,99660.88,743143.59,99429.0,742904.0
99557.05,745672.85,99556.0,745510.75,99496.08,745012.4500000001,99447.13,744605.33,99443.0,744571.0,99446.0,744535.0,99461.02,744483.15,99497.0,744359.0
99497.0,744359.0,99602.3,743996.66,99651.25,743828.22,99730.5,743682.47,99761.25,743663.72
99497.0,744359.0,99698.41,744504.27,99723.0,744522.0,99757.71,744567.92,99757.82,744568.0700000001,99759.49,744570.28,99788.38,744627.88,99801.0,744675.0,99801.63,744719.27,99799.37,744736.56,99797.1,744753.85
99546.1,747033.85,99540.5,747015.75,99552.7,746719.25,99546.2,746570.05,99547.47,746477.41,99555.1,745919.78
99555.1,745919.78,99587.35,745927.29,99587.59,745933.12,99589.2,745972.05
99555.1,745919.78,99556.08,745796.31,99557.05,745672.85
99756.38,743642.59,99641.82,743616.52,99616.88,743610.84,99620.38,743536.47,99637.71,743534.4
99666.25,743810.03,99690.13,743793.51,99714.0,743777.0,99734.43000000001,743761.98,99752.25,743748.89,99753.01000000001,743748.33,99790.5,743720.78
99761.25,743663.72,99758.81,743653.15,99756.38,743642.59
99790.5,743720.78,99775.88,743692.25,99761.25,743663.72
99797.1,744753.85,99795.26000000001,744788.09,99795.08,744791.27,99793.93000000001,744812.6900000001,99793.27,744824.97,99818.62,744864.1
98353.7,739135.54,98254.69,739008.99,98252.45,739006.12,98170.0,738963.0,98128.23,738914.51
98532.56,739328.93,98540.0,739301.0,98534.41,739278.87,98520.18000000001,739266.76,98466.56,739221.12,98410.13,739178.33,98353.7,739135.54
96112.25,739264.16,96069.59,739403.56,96068.54000000001,739509.78,96067.08,739656.06,96039.98,739758.24
98542.0,739339.0,98580.07,739326.59,98582.19,739318.6,98582.2,739318.55,98582.76000000001,739316.43,98583.43000000001,739313.91,98584.1,739311.37,98586.05,739304.04,98594.56,739271.9
98526.0,739346.0,98529.28,739337.47,98532.56,739328.93
98542.0,739339.0,98537.28,739333.97,98532.56,739328.93
98526.0,739346.0,98534.0,739342.5,98542.0,739339.0
98548.0,741157.0,98582.95,741056.93,98583.88,741054.26,98617.13,740959.09,98706.25,740514.97,98716.96,740432.6900000001,98717.25,740430.47,98717.21,740429.64,98717.06,740426.85,98715.0,740387.59,98690.13,740280.22,98665.82,740223.15,98627.0,740131.97,98559.13,740084.47,98543.88,740061.84,98543.5,740039.47,98564.0,739977.84,98549.63,739895.97,98553.18000000001,739840.86,98548.0,739805.61,98536.33,739759.65,98483.45,739694.15,98473.90000000001,739674.04,98472.12,739648.15,98497.32,739516.05,98495.95,739397.51,98526.0,739346.0
96039.98,739758.24,95896.0,739757.0,95883.0,739762.0,95838.22,739878.56,95810.0,739952.0,95756.63,740025.22,95739.88,740137.47
96039.98,739758.24,96112.04000000001,739783.77,96184.09,739809.29
96184.09,739809.29,96297.38,739846.1,96318.86,739837.54,96347.47,739809.12,96363.34,739808.2000000001,96372.54000000001,739823.38,96394.39,739968.28,96410.26,739983.6900000001,96434.64,739977.71,96529.62,739921.9,96589.66,739886.63,96705.81,739869.15,96768.14,739871.68,96800.8,739897.9,96838.25,740009.59,96837.5,740033.47,96817.5,740050.22,96811.5,740063.47,96822.5,740108.59
95883.0,740423.0,95821.13,740406.59,95811.64,740394.61,95777.0,740350.84,95768.84,740328.8200000001,95765.75,740284.84,95749.73,740233.62,95739.25,740200.09,95739.88,740137.47
95830.57,740957.54,95835.63,740840.22,95832.0,740712.84,95837.03,740683.3,95848.75,740614.47,95846.25,740479.72,95855.0,740448.72,95883.0,740423.0
95883.0,740423.0,95914.75,740433.84,95999.25,740515.34,96306.62,740785.96,96451.88,740913.84,96720.25,741164.09
96720.25,741164.09,96868.11,741019.1,97015.96,740874.1
95861.0,741033.84,95846.63,741036.22,95831.98,741006.88,95831.95,741005.88,95830.57,740957.54
95830.57,740957.54,95658.63,740989.83,95639.0,740997.04,95493.32,741050.59,95466.95,741060.28,95462.49,741061.92,95455.17,741064.61
98548.0,741157.0,98085.49,741063.1,97622.98,740969.2000000001
98540.0,741217.0,98544.0,741187.0,98548.0,741157.0
98616.0,741231.0,98617.0,741186.0,98612.57,741177.77,98611.75,741176.25,98610.65000000001,741174.2000000001,98610.0,741173.0,98604.0,741178.0,98593.0,741226.0
98531.83,741288.93,98535.91,741252.96,98540.0,741217.0
98540.0,741217.0,98566.5,741221.5,98593.0,741226.0
98593.0,741226.0,98586.35,741260.4,98586.21,741261.12,98583.5,741275.15,98579.7,741294.8
98593.0,741226.0,98597.0,741227.0,98599.0,741227.5,98605.0,741229.0
98597.58,741303.05,98601.29000000001,741266.03,98605.0,741229.0
98605.0,741229.0,98610.5,741230.0,98616.0,741231.0
98616.0,741231.0,98620.24,741239.48,98620.29000000001,741239.59,98622.0,741243.0,98621.05,741272.18,98620.7,741282.8,98615.58,741292.87,98597.58,741303.05
98531.83,741288.93,98546.91,741292.46,98562.0,741296.0
98562.0,741296.0,98570.85,741295.4,98579.7,741294.8
98579.7,741294.8,98583.34,741298.87,98586.98,741302.93
98586.98,741302.93,98592.28,741302.99,98597.58,741303.05
95595.28,743060.93,95392.08,742991.8200000001,95188.88,742922.72
95202.35,744723.05,95306.0,744694.0,95320.0,744680.0,95355.88,744590.39,95439.13,744382.47
95233.6,745738.25,95301.75,745812.25,95369.90000000001,745886.25
95260.91,744284.34,95283.0,744285.84,95351.65000000001,744328.33,95439.13,744382.47
95369.90000000001,745886.25,95396.8,745915.4500000001,95423.7,745944.65
95517.40000000001,746093.9500000001,95466.55,746097.14,95448.8,746098.25,95416.77,746106.83
95423.7,745944.65,95484.44,746011.58,95498.3,746026.85,95517.40000000001,746093.9500000001
95973.63,744235.97,96008.2,744357.74,96022.43000000001,744450.55,96055.85,744668.48,96076.89,744852.87,96138.1,745186.9500000001,96133.0,745209.0,96110.0,745232.0,95928.85,745352.6900000001,95842.90000000001,745409.9500000001,95801.90000000001,745443.25,95771.8,745480.55,95634.0,745767.65,95584.0,745821.0,95423.7,745944.65
95439.13,744382.47,95706.38,744309.22,95973.63,744235.97
95554.39,746239.81,95530.32,746243.16,95506.24,746246.5
95517.40000000001,746093.9500000001,95535.89,746166.88,95554.39,746239.81
95551.42,743186.17,95552.12,743156.46,95567.58,743122.23,95582.02,743090.28,95595.28,743060.93
95554.39,746239.81,95570.47,746304.62,95586.55,746369.43
95757.75,746338.73,95737.95,746360.08,95676.05,746358.98,95627.8,746358.13,95586.55,746369.43
95599.63,743062.34,95597.45,743061.64,95595.28,743060.93
95650.5,742892.97,95625.06,742977.65,95599.63,743062.34
95599.63,743062.34,95861.0,743150.84,96027.96,743185.0700000001,96465.25,743274.72
96465.25,743274.72,96311.0,743687.09,96189.27,743767.53,96130.98,743806.05,96129.04000000001,743807.33,96062.63,743851.22,95961.31,743983.91,95959.08,743986.83,95933.88,744019.84,95928.38,744051.47,95934.13,744088.09,95973.63,744235.97
96465.25,743274.72,96495.88,743261.72,96557.0,743220.84,96597.5,743211.09,96857.25,743251.59,97196.09,743255.2000000001,97233.25,743255.59,97943.0,743187.03
96677.55,746225.05,96574.43000000001,746213.15,96471.3,746201.25
96541.41,746341.83,96591.03,746347.29,96640.65000000001,746352.75
96616.65000000001,746046.47,96619.75,746065.35,96634.55,746078.9500000001,96655.22,746084.13,96713.95,746098.85
97092.95,746330.85,97017.25,746389.9500000001,96997.25,746394.9500000001,96876.87,746380.7000000001,96640.65000000001,746352.75
96640.65000000001,746352.75,96659.1,746288.9,96677.55,746225.05
96677.55,746225.05,96695.75,746161.9500000001,96713.95,746098.85
96714.0,745080.0,96712.81,745171.83,96731.38,745197.75,96769.55,745277.35,96850.5,745360.77,96874.35,745385.35,96915.95,745391.9500000001,96845.45,745633.75
96845.45,745633.75,96805.99,745772.1,96766.54000000001,745910.4500000001,96740.24,746004.65,96713.95,746098.85
97121.65000000001,746107.05,97113.03,746219.72,97112.15000000001,746231.15,97092.95,746330.85
97187.75,746297.05,97172.15000000001,746312.55,97146.75,746311.85,97141.82,746314.64,97113.75,746330.55,97092.95,746330.85
97714.85,745554.75,97737.05,745501.75,97753.85,745480.05,97773.75,745466.55,97811.94,745464.26,97830.45,745463.15,97900.05,745476.15,97957.38,745468.33
97943.0,743187.03,97942.77,743182.76,97942.54000000001,743178.5,97930.27,742981.75,97918.0,742785.0
97957.38,745468.33,97960.85,745507.4500000001,97919.16,746185.54,97913.5,746277.58,97909.45,746524.55,97915.95,746554.9500000001,97989.75,746751.4500000001,97989.58,746889.89,97978.41,747092.02,97967.25,747294.15
95930.6,746887.15,95913.06,746613.54,95895.52,746339.9400000001,95893.42,746304.72,95891.33,746269.51
96427.65000000001,747128.9500000001,96534.15000000001,746740.85,96640.65000000001,746352.75
95586.55,746369.43,95600.58,746424.83,95614.61,746480.24
95614.61,746480.24,95570.72,746480.3200000001,95564.40000000001,746480.33,95558.25,746457.41,95544.43000000001,746456.47
95614.61,746480.24,95630.96,746546.64,95647.3,746613.05
95647.3,746613.05,95471.5,746619.76,95408.57,746622.17,95239.12,746628.64,95227.42,746622.64,95222.72,746608.59,95237.18000000001,746569.84
95647.3,746613.05,95662.41,746684.85,95663.90000000001,746691.9500000001,95655.48,746757.53
95646.1,746812.4500000001,95580.74,746797.97,95557.2,746792.75,95550.2,746765.75,95539.22,746755.63
95930.6,746887.15,95840.14,746844.29,95749.67,746801.42,95702.58,746779.48,95655.48,746757.53
95655.48,746757.53,95650.79000000001,746784.99,95646.1,746812.4500000001
95646.1,746812.4500000001,95626.2,746923.9500000001,95625.89,746924.52,95616.7,746941.65,95586.3,746961.85,95528.34,746960.97
96427.65000000001,747128.9500000001,96292.66,747058.28,96157.66,746987.61,96047.53,746929.58,96039.3,746925.25,95930.6,746887.15
95400.2,746950.15,95169.41,746935.21,95062.48,746928.29,94938.37,746927.21
95528.34,746960.97,95464.27,746955.56,95400.2,746950.15
95400.2,746950.15,95382.78,746976.53,95382.1,746977.55,95372.66,747006.43
95278.05,747306.58,95267.7,747350.53,95237.40000000001,747396.58,95240.85,747407.53,95255.85,747413.98,95328.45,747385.48,95363.25,747342.88,95377.76,747319.39,95449.2,747203.83,95491.65000000001,747088.48,95496.3,747058.93,95502.38,747042.65,95508.45,747026.38,95521.95,747000.28,95522.79000000001,746995.13,95528.34,746960.97
96574.35,747259.75,96512.26,747180.9400000001,96503.45,747169.75,96427.65000000001,747128.9500000001
96574.35,747259.75,96566.55,747266.2000000001,96558.75,747272.65
97009.05,747540.9500000001,96748.24,747464.36,96730.15000000001,747459.05,96574.35,747259.75
97496.25,747452.48,97708.55,747349.65,97730.97,747333.31,97829.85,747261.25,97967.25,747294.15
96558.75,747272.65,96530.83,747307.7000000001,96507.85,747336.55,96508.35,747344.4500000001
96558.75,747272.65,96502.1,747284.3,96445.45,747295.9500000001
97009.05,747540.9500000001,97161.90000000001,747590.85,97183.8,747592.75,97236.90000000001,747566.15,97371.6,747498.65,97457.2,747466.34,97476.72,747459.41,97496.25,747452.48
97893.66,747624.27,97729.7,747627.25,97663.98,747607.86,97633.1,747598.75,97496.25,747452.48
97009.05,747540.9500000001,97001.35,747556.9500000001,96959.40000000001,747592.83,96878.55,747690.98,96866.01,747720.11,96833.85,747794.83,96818.45,747944.53,96791.90000000001,747960.33,96775.66,747977.51,96759.15000000001,747994.98,96729.29000000001,748001.24
97949.7,747633.9500000001,97921.68000000001,747629.11,97893.66,747624.27
97893.66,747624.27,97880.41,747664.97,97867.15000000001,747705.67
96729.29000000001,748001.24,96722.89,748001.3200000001,96722.66,748001.33,96725.7,748006.7000000001,96727.5,748003.97,96729.29000000001,748001.24
96739.1,748204.02,96731.76,748200.96,96731.3,748192.61,96733.8,748190.9400000001,96749.87,748180.1900000001,96744.49,748192.11,96739.1,748204.02
96692.78,748287.24,96708.69,748240.81,96713.48,748226.86,96739.1,748204.02
96720.25,741164.09,96915.21,741343.96,97141.48,741383.68,97204.89,741395.17,97469.01,741466.02,97525.2,741473.91,97575.16,741478.62,97920.99,741511.25,97988.8,741515.21,97990.78,741515.3200000001,97992.95,741515.4500000001,98512.42,741545.8
98527.0,741353.0,98529.41,741320.96,98531.83,741288.93
98527.0,741353.0,98544.5,741324.5,98562.0,741296.0
98595.58,741315.56,98591.28,741309.24,98586.98,741302.93
98595.58,741315.56,98596.58,741309.3,98597.58,741303.05
98524.0,741379.0,98562.0,741352.0,98568.34,741350.64,98590.0,741346.0,98595.58,741315.56
98524.0,741379.0,98525.5,741366.0,98527.0,741353.0
98512.42,741545.8,98518.21,741462.4,98524.0,741379.0
98396.16,741772.4400000001,98388.63,741725.75,98389.93000000001,741676.11,98438.46,741658.24,98471.1,741646.22,98491.72,741631.06,98503.67,741602.04,98512.42,741545.8
98376.13,741907.84,98396.0,741877.37,98405.64,741842.28,98411.12,741822.33,98396.16,741772.4400000001
98339.0,741793.0,98370.36,741788.98,98378.0,741788.0,98396.16,741772.4400000001
96368.04000000001,741862.52,96410.63,741871.8200000001,96417.19,741873.25,96452.76,741916.91,96510.19,741930.46,96597.12,741950.98,96697.32,742001.47,96860.8,742083.85,96915.13,742171.97,96881.0,742244.97
98354.0,741921.34,98365.06,741914.59,98376.13,741907.84
98372.13,741932.09,98374.13,741919.97,98376.13,741907.84
98372.13,741932.09,98363.06,741926.72,98354.0,741921.34
98354.0,741921.34,98293.25,741932.72,98135.63,741999.34,98006.75,742032.47,97826.13,742072.84,97811.88,742075.37,97255.0,742174.0
98421.38,742182.09,98416.88,742097.22,98405.62,742055.67,98372.13,741932.09
94946.86,742143.23,94986.43000000001,742201.7000000001,95030.38,742348.84,95061.24,742534.2000000001,95110.77,742831.67,95172.75,742902.84,95176.25,742918.59
97255.0,742174.0,97233.58,742295.3,97212.17,742416.59
97255.0,742174.0,97230.08,742178.59,97205.16,742183.18,97043.08,742214.0700000001,96881.0,742244.97
98370.66,743180.5700000001,98435.12,742682.92,98438.63,742655.84,98438.0,742558.72,98422.63,742399.47,98421.38,742182.09
98421.38,742182.09,98366.13,742200.59,98307.49,742190.4500000001,98278.0,742185.34,98247.63,742234.47,98233.5,742244.47,98220.75,742245.22
98220.75,742245.22,98180.75,742248.22,98177.29000000001,742238.26,98176.63,742236.34,98187.38,742230.59,98220.75,742245.22
96881.0,742244.97,96867.5,742250.59,96854.0,742269.97,96774.5,742420.09,96691.63,742552.47,96548.17,742709.75,96529.5,742730.22,96484.0,743214.34,96465.25,743274.72
97212.17,742416.59,97190.63,742434.84,97131.46,742467.48,97103.63,742482.84,97105.0,742523.97,97094.38,742544.22
97212.17,742416.59,97197.47,742524.27,97184.04000000001,742622.71,97187.99,742631.16,97196.32,742643.5,97185.62,742663.2000000001,97181.78,742690.51,97175.53,742734.93,97183.08,742753.47
97918.0,742785.0,97905.66,742628.18,97843.7,742641.17,97752.41,742660.3200000001,97732.75,742651.4,97729.37,742622.11,97769.11,742557.02
94440.46,742764.64,94522.72,742678.9,94561.0,742639.0,94576.0,742637.0,94589.0,742643.0,94615.0,742665.0
94394.41,742817.38,94401.92,742781.43,94404.35,742780.37,94440.46,742764.64
94394.41,742817.38,94417.43000000001,742791.01,94440.46,742764.64
97918.0,742785.0,97977.05,742779.87,98036.1,742774.73
93787.01,743066.14,93859.63,743248.27,93880.45,743300.51,93935.3,743337.36,93942.02,743345.8200000001,93945.28,743377.9,93972.0,743393.0
93972.0,743393.0,93929.0,743478.0,93938.6,743541.18,93971.31,743580.13,94000.53,743660.28,94038.14,743763.4500000001,94063.56,743802.75,94087.92,743873.5,94123.76,743926.4
94224.72,743046.41,94096.03,743218.09,94014.35,743327.0700000001,93972.0,743393.0
93972.0,743393.0,94065.78,743395.58,94132.19,743420.67,94207.17,743417.87,94249.01,743410.81,94402.0,743385.0,94526.0,743357.0
94123.76,743926.4,94166.16,743982.31,94186.64,744021.61,94182.90000000001,744096.12,94181.11,744131.75,94196.39,744284.4,94203.82,744376.61,94242.77,744466.62,94250.37,744476.18,94268.89,744499.4500000001,94299.24,744554.28,94327.25,744583.11,94369.49,744600.06,94376.90000000001,744623.59
94123.76,743926.4,94244.0,743931.0,94320.43000000001,743913.0700000001,94325.0,743912.0,94360.0,743920.0,94517.08,743900.92,94785.0,743909.0,94962.54000000001,743972.18,94964.75,743972.97,95070.25,744058.59,95165.38,744181.72,95187.75,744195.47,95217.0,744188.84,95258.5,744263.34,95260.91,744284.34
94224.72,743046.41,94309.56,742931.89,94394.41,742817.38
94526.0,743357.0,94372.98,743203.46,94234.0,743064.0,94224.72,743046.41
94376.90000000001,744623.59,94369.73,744674.1900000001,94385.02,744727.02,94417.24,744786.02,94447.86,744842.09,94514.45,744928.93
94374.28,744472.91,94410.8,744471.4400000001,94428.44,744481.59,94432.71,744520.27,94432.99,744522.83,94481.07,744602.72
94376.90000000001,744623.59,94408.88,744618.3,94440.86,744613.01
94440.86,744613.01,94444.0,744616.29,94475.94,744649.65,94497.89,744672.5700000001,94504.0,744690.56
94440.86,744613.01,94460.96,744607.86,94481.07,744602.72
94481.07,744602.72,94756.35,744487.84,95031.63,744372.97
94579.01,745191.5,94543.36,745188.01,94507.71,745184.52
94514.45,744928.93,94619.29000000001,745062.13,94641.04000000001,745089.75,94707.31,745206.62
94514.45,744928.93,94858.40000000001,744825.99,95202.35,744723.05
94674.6,745709.9,94643.48,745776.0700000001,94637.22,745783.89,94627.21,745783.27,94573.22,745701.27,94535.82,745695.3200000001,94522.05,745649.31,94521.74,745614.5700000001,94535.47,745551.03,94537.7,745540.71,94522.05,745331.9500000001,94550.22,745216.15,94579.01,745191.5
94946.53,743646.13,94740.74,743495.02,94723.0,743482.0,94526.0,743357.0
94579.01,745191.5,94629.36,745181.75,94643.91,745186.39,94707.31,745206.62
94615.0,742665.0,94681.0,742759.0,94751.0,742835.0,94861.45,742903.68,94870.0,742909.0,94939.0,742965.0,95000.0,742975.0,95128.02,742920.23,95176.25,742918.59
94707.31,745206.62,94737.95,745256.73,94898.89,745372.73,94960.56,745429.4400000001,94982.77,745457.46,95026.0,745512.0,95233.6,745738.25
95058.56,744540.16,95052.34,744463.63,95050.53,744455.72,95031.63,744372.97
95031.63,744372.97,95145.18000000001,744325.1900000001,95223.25,744292.34,95260.91,744284.34
95188.88,742922.72,95110.07,743030.1900000001,95084.75,743064.72,95084.5,743093.97,95056.0,743115.09,95057.90000000001,743140.75
95172.90000000001,745778.35,95157.0,745786.0,95115.3,745829.25,95092.7,745876.05,95069.40000000001,745893.4500000001,95117.8,746033.38,95121.6,746044.35,95145.1,746036.75,95369.90000000001,745886.25
95172.90000000001,745778.35,95152.19,745748.65,95131.48,745718.9400000001
95187.40000000001,745770.55,95180.15000000001,745774.4500000001,95172.90000000001,745778.35
95187.40000000001,745770.55,95212.40000000001,745810.15,95209.2,745822.4500000001,95208.97,745822.4,95198.40000000001,745820.15,95172.90000000001,745778.35
95176.25,742918.59,95182.56,742920.65,95188.88,742922.72
95233.6,745738.25,95210.5,745754.4,95187.40000000001,745770.55
69716.06,798995.46,69702.0,799034.0,69702.32,799042.85,69703.5,799075.75,69697.0,799091.42
70112.75,799054.17,70056.12,799099.0700000001,70051.75,799102.53,70027.11,799107.8200000001,69993.33,799131.92
69782.75,799143.25,69798.55,799125.62,69799.06,799111.51,69799.19,799107.9400000001,69814.43000000001,799087.9400000001,69823.48,799087.15
69782.75,799143.25,69739.88,799117.34,69697.0,799091.42
69987.44,799123.91,69978.41,799109.21,69968.51,799106.37,69948.56,799100.64,69946.88,799094.06
69987.44,799123.91,69990.38,799127.91,69993.33,799131.92
69993.33,799131.92,70037.35,799176.36,70042.99,799194.96,70040.71,799201.11,70038.58,799206.89,70036.69,799212.02,70002.0,799306.0
69923.54000000001,799254.75,69853.15,799199.0,69782.75,799143.25
69923.54000000001,799254.75,69962.77,799280.38,70002.0,799306.0
69812.0,799386.0,69831.82,799343.75,69860.93000000001,799315.5,69923.54000000001,799254.75
70002.0,799306.0,70140.54000000001,799361.04,70157.92,799364.17,70216.94,799374.8,70260.66,799406.86,70284.8,799416.8200000001,70311.17,799418.68
69682.05,799415.71,69706.36,799393.41,69740.03,799401.81,69743.32,799400.75,69792.16,799385.1,69812.0,799386.0
69800.47,799525.38,69806.24,799455.6900000001,69812.0,799386.0
70311.17,799418.68,70386.13,799411.92,70406.99,799423.87,70416.12,799440.8,70416.92,799457.43,70420.03,799521.8,70457.88,799581.56
70311.17,799418.68,70312.54000000001,799421.64,70314.37,799425.5800000001,70316.24,799429.6,70321.2,799440.29,70331.22,799461.9
69800.47,799525.38,69806.24,799554.5800000001,69834.86,799572.88,69834.89,799573.31,69836.76,799600.87,69863.48,799610.13,69865.05,799618.24
70457.88,799581.56,70477.27,799686.1900000001,70496.66,799790.8200000001
70457.88,799581.56,70388.31,799603.56,70386.24,799604.21,70341.3,799658.92
70496.66,799790.8200000001,70494.31,799789.21,70483.53,799781.8200000001,70476.08,799776.72,70466.06,799779.49,70453.38,799782.99,70431.39,799779.98
70496.66,799790.8200000001,70502.03,799871.98,70520.39,799894.42,70537.39,799906.93,70597.18000000001,799950.93,70621.27,800000.0,70622.02,800002.42
70622.02,800002.42,70565.41,800006.39,70542.29000000001,799998.37,70534.32,799999.91,70507.77,800005.04,70494.26,800029.52,70478.24,800025.71,70473.72,800008.43
66739.0,798199.0,66710.0,798208.5,66682.57,798236.66,66653.0,798267.0,66626.0,798272.0
66758.95,798228.86,66755.72,798231.36,66725.95,798254.4,66709.89,798266.8300000001,66689.25,798272.54
66758.95,798228.86,66748.97,798213.93,66739.0,798199.0
66894.0,798172.0,66847.75,798185.75,66817.32,798189.46,66739.0,798199.0
66856.96,798243.5700000001,66820.0,798260.0,66802.46,798262.7000000001,66794.0,798264.0,66758.95,798228.86
66856.96,798243.5700000001,66861.69,798269.37,66861.84,798270.16,66870.47,798271.96,66884.51,798263.09
66946.57,798217.81,66931.0,798210.0,66901.91,798223.1900000001,66856.96,798243.5700000001
66946.57,798217.81,66923.0,798256.0,66924.0,798288.0,66904.13,798304.25,66904.01,798304.46,66862.87,798382.67,66863.0,798397.0
66894.0,798172.0,66919.5,798128.5,66925.54000000001,798118.1900000001,66926.02,798117.37,66928.23,798113.6,66928.91,798112.4500000001,66945.0,798085.0
67175.0,798197.0,67033.44,798155.03,66989.5,798142.0,66956.5,798143.25,66894.0,798172.0
66945.0,798085.0,67082.29000000001,798125.12,67167.83,798150.12,67184.0,798171.0,67175.0,798197.0
67138.92,798357.88,67108.0,798345.0,67065.5,798353.75,67033.75,798342.0,67020.24,798325.9,67013.15,798317.4400000001,66970.0,798266.0,66946.57,798217.81
67138.92,798357.88,67128.09,798375.59,67124.7,798391.01,67116.86,798426.7000000001
67240.9,798488.3200000001,67237.75,798400.75,67231.9,798386.2000000001,67229.0,798379.0,67210.5,798373.0,67188.0,798378.0,67138.92,798357.88
67353.46,798267.18,67326.54000000001,798257.0800000001,67299.62,798246.98,67237.31,798221.99,67175.0,798197.0
67223.88,798623.0800000001,67232.39,798555.7000000001,67240.9,798488.3200000001
67229.0,798857.0,67251.0,798842.0,67273.0,798827.0,67240.29000000001,798726.65,67229.0,798692.0,67223.88,798623.0800000001
67240.9,798488.3200000001,67273.25,798477.25,67363.47,798427.28,67373.0,798422.0,67391.75,798400.75,67400.99,798353.81,67427.98,798311.42
67427.98,798311.42,67390.72,798289.3,67353.46,798267.18
67353.46,798267.18,67386.09,798232.29,67390.27,798230.6900000001,67421.81,798218.5700000001,67440.27,798218.27
69212.71,798953.24,69128.0,798846.0,69057.0,798781.0,69031.0,798781.0,68978.0,798806.0,68874.0,798808.0,68808.0,798845.0,68784.0,798845.0,68708.0,798818.0,68596.0,798731.0,68536.0,798696.0,68454.0,798660.0,68262.62,798684.4500000001,68227.0,798689.0,68144.0,798694.0,68000.0,798729.0,67864.39,798739.48,67784.0,798753.0,67719.0,798746.0,67672.0,798716.0,67644.0,798679.0,67613.0,798562.0,67542.0,798403.0,67509.0,798362.0,67427.98,798311.42
69104.6,798514.25,69112.0,798537.03,69122.59,798548.14,69139.04000000001,798556.89,69139.19,798556.97,69143.6,798559.31,69146.75,798560.99,69170.6,798573.68,69192.2,798567.29
69212.71,798953.24,69207.45,798957.66,69199.36,798964.4500000001,69179.08,798981.49,69177.73,798986.61,69176.45,798991.46,69174.22,798999.92,69166.75,799028.1900000001,69151.71,799034.31
69192.2,798567.29,69198.6,798571.12,69205.0,798574.9400000001
69205.0,798574.9400000001,69214.25,798589.18,69214.77,798589.98,69216.27,798592.3,69216.56,798592.74,69294.0,798712.0,69308.02,798740.03,69316.0,798756.0,69340.13,798782.17,69346.51,798789.09,69424.0,798930.0,69430.0,798948.0,69429.0,799007.0
69205.0,798574.9400000001,69240.59,798530.6,69279.53,798522.34,69323.93000000001,798512.92,69344.13,798465.78
69429.0,799007.0,69320.86,798980.12,69303.76,798975.87,69212.71,798953.24
69609.72,799033.0,69584.5,799009.75,69562.75,799004.25,69534.39,799006.2000000001,69524.13,799006.89,69513.51,799007.61,69467.75,799010.75,69429.0,799007.0
69800.47,799525.38,69775.84,799540.89,69751.21,799556.41,69708.81,799585.93,69687.98,799633.28,69679.02,799641.76,69648.21,799670.9500000001,69619.38,799683.36,69591.6,799714.72
69609.72,799033.0,69609.48,799035.74,69607.62,799056.92,69605.52,799080.84
69697.0,799091.42,69648.19,799069.27,69638.23,799064.75,69609.72,799033.0
65348.71,798089.3200000001,65335.86,798111.8200000001,65325.71,798119.9500000001,65295.340000000004,798144.29
65854.0,798130.0,65873.04000000001,798114.62,65880.0,798109.0,65895.0,798105.0
65895.0,798105.0,65912.0,798107.0,65927.0,798118.0,65936.09,798131.64,65965.0,798175.0
65252.08,798116.02,65273.71,798130.16,65274.5,798130.67,65275.630000000005,798131.41,65292.810000000005,798142.63,65295.340000000004,798144.29
65868.21,798166.27,65868.02,798145.0800000001,65868.0,798143.0,65854.0,798130.0
65803.9,798214.75,65807.82,798207.98,65811.74,798201.21,65832.87,798165.61,65854.0,798130.0
65295.340000000004,798144.29,65295.92,798145.3,65296.5,798146.31
66465.0,798248.0,66494.0,798243.0,66519.0,798221.0,66519.74,798211.68,66523.0,798170.5,66529.74,798161.15,66540.99,798145.53
66540.99,798145.53,66570.0,798148.0,66572.13,798151.0,66591.11,798177.74
65296.5,798146.31,65293.43,798146.86,65286.270000000004,798148.16,65272.03,798150.73,65247.57,798155.16
65296.5,798146.31,65302.11,798165.66,65307.73,798185.01
65965.0,798175.0,65985.5,798185.5,66006.0,798196.0
66006.0,798196.0,65992.0,798211.0,65971.0,798214.0,65970.1,798213.03,65959.0,798201.0,65965.0,798175.0
66591.11,798177.74,66600.4,798204.56,66609.69,798231.39
66578.36,798282.76,66565.69,798241.39,66564.51,798237.52,66563.78,798235.12,66558.43000000001,798217.66,66558.42,798217.63,66555.06,798206.63,66553.35,798201.06,66551.09,798193.68,66591.11,798177.74
66465.0,798248.0,66465.29000000001,798244.75,66466.49,798231.42,66466.78,798228.25,66467.36,798221.74,66467.77,798217.21,66468.07,798213.86,66471.14,798179.73
66656.92,798181.79,66646.75,798185.41,66643.86,798193.4500000001,66637.3,798211.64,66636.82,798212.3,66628.12,798224.0800000001,66626.09,798224.88,66613.97,798229.6900000001,66609.69,798231.39
66006.0,798196.0,66009.43000000001,798202.37,66012.87,798208.73,66026.0,798246.0,66024.24,798255.1,66015.0,798303.0,66062.25,798331.3300000001,66102.99,798344.02,66129.91,798352.41,66183.75,798378.25,66189.5,798386.25
65803.9,798214.75,65825.0,798234.0,65830.0,798254.0,65815.03,798307.28,65805.0,798343.0,65774.0,798362.0,65744.0,798354.0
65803.9,798214.75,65777.34,798227.06,65771.0,798230.0,65758.75,798248.62,65752.9,798268.21,65747.05,798287.81,65741.0,798315.0,65741.43000000001,798320.61,65744.0,798354.0
66609.69,798231.39,66617.85,798251.7000000001,66626.0,798272.0
66459.0,798317.25,66446.75,798287.0,66448.36,798281.61,66454.75,798260.25,66465.0,798248.0
66626.0,798272.0,66602.18000000001,798277.38,66578.36,798282.76
66578.36,798282.76,66560.42,798285.85,66537.28,798289.8300000001,66496.2,798296.89,66477.6,798307.0700000001,66459.0,798317.25
66459.0,798317.25,66430.69,798338.25,66413.5,798351.0,66390.96,798362.6900000001,66334.24,798392.13,66327.25,798395.75,66189.5,798386.25
65869.67,798325.97,65865.31,798328.4,65860.95,798330.8200000001,65859.08,798342.78,65857.22,798354.74,65850.95,798389.5700000001,65850.93000000001,798389.71,65848.15,798405.17,65845.91,798417.63,65856.65,798454.6900000001
65744.0,798354.0,65719.96,798432.99,65702.0,798492.0,65708.0,798512.0
66189.5,798386.25,66170.88,798383.75,66152.25,798381.25
66152.25,798381.25,66112.13,798386.13,66072.0,798391.0
66145.02,798443.37,66145.29000000001,798437.65,66145.4,798435.42,66145.72,798428.5,66179.48,798430.34,66185.63,798420.77,66187.18000000001,798418.35,66185.22,798413.27,66183.8,798409.61,66181.84,798404.54,66154.29000000001,798393.9500000001,66153.25,798387.4400000001,66152.25,798381.25
66072.0,798391.0,66046.05,798398.68,66000.56,798412.13,65983.19,798417.26,65964.32,798422.84,65944.41,798428.73,65856.65,798454.6900000001
65307.73,798185.01,65320.0,798198.0,65342.0,798250.0,65346.25,798284.0,65340.4,798341.59,65340.0,798345.5,65353.0,798376.75,65362.0,798447.0,65396.18,798493.72,65425.24,798537.56,65427.01,798540.24,65458.0,798587.0,65460.0,798614.0,65451.520000000004,798660.65,65448.0,798680.0,65465.0,798751.0,65487.25,798787.0,65529.0,798817.0
66072.0,798391.0,66080.91,798406.63,66089.82,798422.26,66067.82,798465.5,66072.69,798473.3200000001,66085.9,798494.5,66089.04000000001,798527.12
65856.65,798454.6900000001,65781.03,798480.39,65741.0,798494.0,65708.0,798512.0
65708.0,798512.0,65686.0,798545.0,65657.0,798623.0,65646.04000000001,798635.04,65641.14,798640.42,65639.82,798641.87,65631.15,798651.4,65621.52,798661.97,65596.0,798690.0,65531.75,798811.75
65531.75,798811.75,65530.380000000005,798814.38,65529.0,798817.0
65529.0,798817.0,65482.310000000005,798905.97,65435.61,798994.9400000001,65393.060000000005,799076.89,65350.5,799158.84
65350.5,799158.84,65259.74,799343.4500000001,65199.0,799467.0,65164.62,799525.73
65350.5,799158.84,65403.200000000004,799185.6900000001,65406.9,799187.5800000001,65459.65,799203.14
65164.62,799525.73,65127.37,799499.79,65111.35,799488.64,65088.66,799501.0800000001
65164.62,799525.73,65136.700000000004,799573.54,65108.770000000004,799621.35
65108.770000000004,799621.35,65073.73,799584.73,65057.560000000005,799567.8300000001,65033.57,799554.79
65108.770000000004,799621.35,65055.0,799706.0,64944.0,799918.0,64926.310000000005,799958.28,64926.0,799959.0,64919.0,800000.0,64912.0,800138.0,64919.0,800169.0,64932.0,800196.0,65004.0,800291.0,65010.840000000004,800311.99
63400.33,794301.17,63376.99,794344.6,63365.82,794382.0800000001,63367.51,794444.16,63369.450000000004,794515.74,63338.47,794588.3200000001
63129.39,794394.53,63181.64,794376.46,63186.44,794374.81,63226.9,794345.0800000001
63129.39,794394.53,63126.43,794373.93,63123.47,794353.3300000001
63196.0,794494.0,63146.37,794459.02,63144.810000000005,794456.05,63137.0,794441.17,63129.39,794394.53
63196.0,794494.0,63253.74,794522.16,63267.03,794528.64,63298.08,794567.14,63318.28,794577.73,63338.47,794588.3200000001
64447.0,796053.0,64411.0,796020.0,64335.0,795988.0,64296.770000000004,795951.91,64255.47,795926.76,64136.04,795810.85,64096.92,795752.43,64027.3,795678.11,63976.0,795648.0,63863.130000000005,795537.3300000001,63826.310000000005,795520.63,63750.0,795486.0,63700.71,795433.5700000001,63620.0,795414.0,63545.18,795387.28,63474.0,795401.0,63393.0,795443.0,63360.0,795436.0,63341.0,795413.0,63338.11,795402.73,63324.25,795353.49,63309.0,795324.0,63194.33,795174.76,63149.0,795115.0,63140.05,795088.26,63137.24,795041.05,63177.22,794838.92,63185.15,794798.81,63155.93,794657.77,63156.11,794599.7000000001,63163.15,794566.15,63196.0,794494.0
63338.47,794588.3200000001,63365.76,794602.53,63393.04,794616.73
63393.04,794616.73,63466.96,794630.38,63493.42,794638.9,63591.42,794670.47
65089.520000000004,796088.1,65350.65,796034.01,65429.73,796010.26,65470.03,795998.15,65569.56,795955.8300000001,65639.87,795938.77,65677.13,795942.27,65758.27,795979.41
64460.0,796128.0,64457.92,796089.35,64457.08,796073.72,64447.0,796053.0
64497.0,796089.0,64477.880000000005,796083.55,64469.51,796075.27,64447.0,796053.0
65089.520000000004,796088.1,65087.61,796063.62,65091.61,796063.0700000001,65119.93,796059.18
64497.0,796089.0,64587.62,796086.99,64636.64,796107.16,64715.770000000004,796120.3200000001,64729.51,796122.61,64767.020000000004,796145.93,64844.0,796172.0,64895.92,796180.67,64924.130000000005,796195.49
65066.86,796089.23,65078.19,796088.66,65089.520000000004,796088.1
64460.0,796128.0,64475.810000000005,796105.5700000001,64480.83,796098.4500000001,64497.0,796089.0
64983.68,796105.0,65022.69,796089.28,65023.75,796089.28,65066.86,796089.23
65066.86,796089.23,65080.1,796099.0,65086.310000000005,796113.29,65090.22,796137.89,65099.15,796194.12
64924.130000000005,796195.49,64933.92,796185.05,64948.78,796146.37,64955.700000000004,796128.38,64983.68,796105.0
64983.68,796105.0,65004.6,796152.42,65005.42,796152.29,65057.39,796143.6900000001
63042.89,797262.1900000001,63026.0,797123.0,63030.880000000005,797079.4,63039.74,797042.88,63098.0,796909.0,63088.0,796870.0,63054.0,796823.0,63055.0,796809.0,63084.0,796776.0,63145.19,796744.73,63236.0,796710.0,63337.14,796648.96,63470.0,796614.0,63573.0,796561.0,63588.950000000004,796554.8200000001,63684.0,796518.0,63799.0,796500.0,63997.0,796487.0,64146.0,796465.0,64310.68,796403.47,64399.0,796341.0,64413.0,796324.0,64454.55,796212.67,64450.0,796170.0,64460.0,796128.0
64924.130000000005,796195.49,64933.0,796213.0,64932.61,796213.6900000001,64922.64,796231.51
63824.380000000005,797143.8200000001,63830.86,797115.66,63827.270000000004,797074.9500000001,63778.15,797050.25,63772.65,797044.49,63715.630000000005,796984.7000000001,63671.75,796960.55
63824.380000000005,797143.8200000001,63833.0,797165.0,63829.0,797183.0,63757.0,797270.0,63714.0,797304.0,63710.060000000005,797312.59,63703.0,797328.0,63694.0,797411.0,63683.0,797430.0,63643.0,797457.0,63632.74,797503.75
62427.87,797411.4500000001,62507.0,797434.0,62614.0,797439.0,62764.46,797426.59,62766.44,797426.42,62781.79,797425.16,62846.25,797419.84,62907.0,797402.0,62959.57,797348.8,63042.89,797262.1900000001
63042.89,797262.1900000001,63087.36,797295.39,63215.61,797384.38,63286.48,797402.9,63326.73,797424.74,63495.0,797516.0,63523.0,797520.0,63632.74,797503.75
66732.0,797876.0,66713.71,797834.84,66695.42,797793.68,66686.04000000001,797765.56,66681.56,797688.98,66658.34,797626.86,66692.15,797560.05,66693.01,797544.26,66695.0,797507.91,66682.57,797444.16,66707.01,797402.0,66796.02,797331.9400000001
63632.74,797503.75,63661.0,797492.0,63685.0,797497.0,63808.0,797658.0,63823.0,797669.0,63828.25,797668.23,63874.270000000004,797661.49,63980.0,797646.0,64055.0,797651.0,64148.0,797648.0,64205.48,797667.3300000001,64313.0,797704.0,64390.0,797713.0,64494.0,797700.0,64556.0,797657.0,64584.73,797645.11,64585.0,797645.0,64623.0,797640.0,64770.0,797685.0,64929.0,797705.0,65000.0,797766.0,65142.0,797925.0,65150.0,797948.0,65148.0,797975.0,65113.0,798074.0,65126.0,798126.0,65168.0,798161.0,65307.73,798185.01
66923.49,797867.51,66921.15,797867.31,66893.31,797865.01,66864.18000000001,797888.89,66862.95,797890.4,66837.86,797920.99,66829.0,797950.0
66732.0,797876.0,66765.0,797906.0,66780.39,797913.24,66799.0,797922.0,66829.0,797950.0
66829.0,797950.0,66869.0,797983.0,66884.65,798018.5800000001,66891.0,798033.0,66945.0,798085.0
65891.05,798023.04,65876.0,798058.0,65878.37,798063.86,65895.0,798105.0
