199977.51,555215.7,199991.24,555140.66,200000.0,555092.79,200007.49,555066.2
199977.51,555215.7,200000.0,555209.0,200073.0,555195.0,200131.0,555205.0,200150.04,555212.18,200185.42,555225.51,200200.0,555231.0,200208.27000000002,555237.84,200234.35,555259.43,200240.67,555264.66,200260.24,555303.4400000001,200265.4,555313.6900000001,200270.53,555323.85,200299.31,555380.9,200344.18,555408.33,200418.77000000002,555421.87,200517.34,555408.4400000001,200549.15,555422.88
199835.0,555605.0,199809.0,555443.0,199812.84,555401.46,199819.37,555391.54,199833.22,555383.23,199937.0,555321.0,199977.51,555215.7
199147.87,555298.75,199196.18,555321.05,199229.01,555318.6900000001,199246.89,555317.4,199249.0,555317.25,199278.77000000002,555341.0700000001,199291.37,555356.34,199299.44,555383.72,199305.2,555403.24,199307.96,555412.5700000001,199316.04,555439.98,199330.80000000002,555490.01,199338.87,555499.22,199351.34,555513.47,199354.45,555517.02,199357.47,555516.17,199371.88,555512.1,199375.85,555510.98,199394.06,555465.9400000001,199397.35,555462.85,199413.98,555447.29,199415.54,555445.83,199415.02000000002,555449.66,199414.09,555456.43,199412.92,555464.97,199411.84,555472.86,199410.37,555483.64,199407.38,555505.45,199406.48,555512.02,199409.06,555517.4,199425.07,555550.84,199427.36000000002,555555.62,199434.38,555557.05,199442.51,555558.72,199447.61000000002,555559.76,199455.25,555561.33,199499.42,555544.81,199521.69,555542.91,199528.9,555545.46,199536.02000000002,555547.98,199545.59,555551.37,199563.45,555565.78,199574.74,555578.37,199586.32,555591.29,199591.76,555597.36,199596.16,555637.92,199609.19,555668.3,199629.6,555679.5700000001,199634.22,555682.13,199641.2,555685.99,199658.2,555713.86,199676.15,555729.39,199731.41,555733.1,199736.07,555730.59,199757.97,555718.8200000001,199767.9,555713.49,199775.65,555704.36,199798.76,555677.16,199804.0,555671.0,199817.0,555616.0,199818.26,555615.23,199829.05000000002,555608.64,199835.0,555605.0
199823.45,555962.13,199854.89,555785.54,199854.77000000002,555784.41,199835.0,555605.0
200382.0,555969.0,200320.0,555978.0,200271.0,555975.0,200256.08000000002,555970.86,200235.0,555965.0,200138.72,555922.25,200114.9,555908.63,200029.9,555912.38,200000.0,555904.23,199995.23,555900.54,199961.44,555874.39,199955.98,555870.16,199942.65,555859.85,199931.1,555856.11,199929.14,555855.47,199919.43,555852.33,199898.0,555855.37,199893.79,555858.61,199871.05000000002,555876.16,199866.61000000002,555879.59,199836.15,555956.51,199823.45,555962.13
199502.43,556134.46,199531.02000000002,556116.72,199560.66,556087.21,199632.49,556069.71,199634.47,556071.68,199654.02000000002,556091.14,199680.0,556117.0,199684.42,556117.93,199686.23,556118.31,199695.21,556120.2,199699.0,556121.0,199706.28,556115.93,199707.96,556114.76,199711.18,556112.52,199712.94,556111.29,199767.78,556073.11,199775.88,556035.36,199800.03,555998.18,199809.36000000002,555983.8200000001,199812.61000000002,555978.81,199815.76,555973.97,199818.97,555969.02,199823.45,555962.13
199986.0,554444.0,199947.0,554351.0,199961.0,554331.0,199962.76,554330.59,200000.0,554322.0,200043.0,554315.0,200088.0,554320.0
199811.22,554399.74,199807.66,554398.87,199804.1,554398.0,199753.28,554383.52,199691.42,554343.41,199669.26,554337.34,199661.98,554335.35,199583.06,554352.22,199572.57,554366.84,199569.0,554410.0
199986.0,554444.0,199898.61000000002,554421.87,199811.22,554399.74
199708.06,554506.5700000001,199728.71,554510.04,199757.30000000002,554494.83,199771.11000000002,554470.48,199811.22,554399.74
199569.0,554410.0,199534.97,554400.03,199510.17,554411.23,199474.96,554443.42,199393.51,554517.91
199569.0,554410.0,199568.22,554438.08,199567.45,554466.17
200018.73,554455.31,200002.58000000002,554449.01,200000.0,554448.0,199986.0,554444.0
199986.0,554444.0,200000.0,554475.0,200005.62,554486.68,200026.0,554529.0
200046.31,554563.67,200023.78,554582.38,200014.34,554590.22,200000.0,554583.78,199998.82,554583.25
199820.0,554241.0,199811.0,554245.0,199754.0,554213.0,199769.74,554178.9,199778.0,554161.0,199757.69,554070.1900000001
199827.4,554229.33,199823.7,554235.16,199820.0,554241.0
199823.12,554261.18,199825.26,554245.26,199827.4,554229.33
199906.28,554279.54,199861.0,554281.74,199856.30000000002,554281.97,199833.04,554273.64,199823.12,554261.18
199887.0,554160.0,199863.0,554171.0,199852.08000000002,554188.9,199827.4,554229.33
199906.23,554146.76,199896.62,554153.38,199887.0,554160.0
199887.0,554160.0,199906.01,554211.78,199916.0,554239.0,199918.66,554262.01,199918.66,554262.03,199918.99,554264.93,199919.0,554264.99,199919.0,554265.0
199959.0,554115.0,199932.62,554130.88,199906.23,554146.76
199919.0,554265.0,199912.64,554272.27,199906.28,554279.54
199919.0,554265.0,199919.22,554265.01,199919.99,554265.05,199923.26,554265.21,199926.27000000002,554265.36,199984.89,554268.25,199987.5,554268.38,199995.54,554268.78,200000.0,554269.0,200040.0,554278.0,200063.38,554257.38
199950.57,553883.52,199942.29,553898.89,199941.57,553906.96,199939.30000000002,553932.41,199945.0,553961.0,199969.96,553984.24,199974.0,553988.0,199988.0,554044.0
199980.94,553885.05,199965.76,553884.28,199950.57,553883.52
199970.78,553854.63,199960.68,553869.0700000001,199950.57,553883.52
199986.0,554051.0,199976.14,554084.68,199974.0,554092.0,199959.0,554115.0
199959.0,554115.0,199975.0,554125.5,199991.0,554136.0
199979.73,553858.99,199975.25,553856.81,199970.78,553854.63
199970.78,553854.63,199980.39,553838.81,199990.0,553823.0
199999.0,553982.0,199978.0,553953.0,199978.7,553936.91,199980.94,553885.05
199979.73,553858.99,199988.84,553844.81,199988.97,553842.3200000001,199990.0,553823.0
199980.94,553885.05,199980.33000000002,553872.02,199979.73,553858.99
200045.0,554072.0,200015.5,554061.51,200000.0,554056.0,199986.0,554051.0
199988.0,554044.0,199987.0,554047.5,199986.0,554051.0
199999.0,553982.0,199993.5,554013.0,199988.0,554044.0
199990.0,553823.0,199992.0,553819.0,199999.41,553804.1900000001,200000.0,553803.0,200008.0,553785.0
199991.0,554136.0,200010.46,554144.23,200029.93,554152.45
199991.0,554136.0,200002.5,554151.0,200014.0,554166.0
200072.4,553923.7,200020.2,553920.0,200011.31,553923.65,200006.80000000002,553925.5,200000.0,553970.0,199999.0,553982.0
199807.0,567765.0,199838.6,567737.8,199855.95,567731.37,199876.4,567723.8,199904.42,567697.55
199807.0,567765.0,199859.0,567763.0,199964.74,567808.74,200000.0,567824.0,200114.0,567884.0
199890.87,563317.31,199887.78,563343.08,199884.68,563368.85
199926.59,563329.05,199922.55000000002,563367.16,199918.51,563405.26
199969.13,563332.67,199971.71,563355.42,199964.35,563400.53,199963.45,563406.03,199900.69,563411.97
199809.92,563398.52,199818.36000000002,563392.84,199826.79,563387.16
199826.79,563387.16,199844.71,563409.25,199849.95,563415.71,199850.59,563435.8200000001
199825.81,563489.28,199798.59,563441.35,199786.26,563419.63,199786.63,563389.5
199850.59,563435.8200000001,199844.24,563441.31,199835.6,563438.87,199825.67,563427.11,199815.21,563414.73,199809.92,563398.52
199850.59,563435.8200000001,199874.49,563462.26,199898.39,563488.7000000001
199825.81,563489.28,199836.65,563490.4500000001,199836.65,563499.5,199835.23,563499.5,199824.2,563499.5,199825.81,563489.28
199700.05000000002,563103.75,199693.30000000002,563075.25,199686.55000000002,563074.2000000001,199650.85,563068.65
199674.0,563259.0,199695.38,563231.34,199708.0,563215.0,199721.0,563209.0
199695.48,563270.7000000001,199705.22,563297.64,199716.94,563314.58,199724.54,563325.5700000001,199751.6,563344.78,199753.80000000002,563346.34
199721.0,563209.0,199710.53,563156.38,199709.25,563149.97,199708.92,563148.29,199708.45,563145.96,199708.04,563143.89,199700.05000000002,563103.75
200446.71,561349.53,200361.47,561260.77,200260.58000000002,561193.6,200160.0,561158.0,200086.0,561143.0,200082.96,561142.88,199987.0,561139.0,199900.0,561111.0,199853.0,561081.0,199787.0,561054.0,199736.0,561012.0,199706.05000000002,560973.3
199706.36000000002,563253.49,199711.39,563246.02,199723.4,563245.05,199738.24,563283.18,199749.05000000002,563310.96,199773.4,563323.81,199777.5,563325.97
199721.0,563209.0,199738.0,563210.0,199769.68,563233.15,199815.1,563266.35
199777.5,563325.97,199775.89,563332.42,199774.28,563338.87
199782.6,563322.15,199780.05000000002,563324.06,199777.5,563325.97
199811.59,563281.04,199803.12,563293.05,199802.61000000002,563293.77,199797.1,563301.59,199782.6,563322.15
199890.87,563317.31,199851.23,563299.17,199843.93,563295.83,199837.25,563292.78,199816.91,563283.47,199811.59,563281.04
199811.59,563281.04,199813.35,563273.6900000001,199815.1,563266.35
199815.1,563266.35,199904.0,563302.0,199912.41,563303.83,199950.0,563312.0,200015.87,563314.81
199926.59,563329.05,199908.73,563323.18,199903.56,563321.48,199899.79,563320.24,199890.87,563317.31
199969.13,563332.67,199947.86000000002,563330.86,199926.59,563329.05
200026.97,563338.1900000001,199998.05000000002,563335.43,199969.13,563332.67
199487.89,565197.97,199595.65,565075.65,199655.65,564997.5,199757.2,564897.6,199778.65,564883.2000000001,199798.25,564874.17,200003.27000000002,564779.72,200224.39,564734.6
198166.31,556463.45,198197.52000000002,556512.95,198206.78,556532.52,198241.08000000002,556604.98
198495.21,559757.21,198449.0,559785.0,198349.08000000002,559825.88,198319.42,559862.75,198316.0,559867.0,198252.0,559903.0,198222.0,559929.0,198209.0,559944.0,198189.0,559993.0,198171.17,559992.52
198241.08000000002,556604.98,198279.26,556546.8,198282.43,556521.1900000001,198277.36000000002,556506.8,198266.77000000002,556476.74,198214.84,556417.49
198241.08000000002,556604.98,198252.05000000002,556664.37,198254.46,556677.37,198252.76,556724.51,198254.07,556726.09,198255.39,556727.67
198255.39,556727.67,198332.29,556789.9400000001,198445.13,556860.2,198461.45,556862.55,198548.03,556813.5700000001,198620.64,556836.17,198657.08000000002,556831.21,198784.02000000002,556840.74,198933.94,556890.56,199003.68,556910.41,199034.0,556913.0,199119.0,556956.0,199185.64,556963.7,199318.0,556979.0,199328.07,556987.13,199369.0,557103.0,199465.0,557221.0,200000.0,557459.0,200004.0,557461.0
198465.03,557605.48,198482.13,557639.17,198485.65,557664.28,198492.51,557713.02,198492.96,557716.28,198506.76,557753.52,198524.71,557776.46,198564.23,557783.91
198495.21,559757.21,198578.43,559466.9500000001,198581.66,559455.67,198607.54,559419.04,198674.41,559362.54,198718.29,559301.42,198731.16,559273.79,198741.63,559222.74
198564.23,557783.91,198648.78,557793.8,198760.05000000002,557831.81,198871.41,557844.48,198876.0,557845.0,199064.0,557932.0,199097.18,557934.56,199156.0,557972.0
198741.63,559222.74,198749.31,559221.87,198757.0,559221.0
198741.63,559222.74,198743.56,559211.93,198745.5,559201.12
198745.5,559201.12,198751.25,559211.06,198757.0,559221.0
198745.5,559201.12,198758.75,559117.87,198782.0,559037.37,198798.13,559010.74,198828.0,558980.0,198835.35,558965.29,198842.0,558952.0,198825.0,558827.0,198836.0,558710.0
198757.0,559221.0,199023.33000000002,559686.83,199289.65,560152.65
198836.0,558710.0,198814.51,558713.7,198793.03,558717.39
198836.0,558710.0,198858.0,558573.0,198899.66,558391.4,198927.16,558271.54,199034.0,558100.0
199034.0,558100.0,199035.38,558042.02,199036.77000000002,557984.05
199034.0,558100.0,199076.05000000002,558017.43,199077.92,558013.77,199156.0,557972.0
199156.0,557972.0,199244.36000000002,557938.34,199286.32,557915.05,199324.36000000002,557893.9400000001,199381.56,557885.14,199422.07,557892.48
199289.65,560152.65,199398.05000000002,559920.1900000001,199423.2,559866.27,199423.88,559864.8,199424.74,559862.96,199425.38,559861.58,199497.0,559708.0,199501.0,559686.0
199320.12,557734.96,199390.43,557827.74,199390.51,557827.84,199467.57,557878.7,199462.14,557902.05
199422.07,557892.48,199442.1,557897.26,199462.14,557902.05
199506.63,558279.93,199538.82,558130.78,199478.51,558097.7,199459.0,558087.0,199435.05000000002,557920.24,199422.07,557892.48
199462.14,557902.05,199536.47,557897.93,199610.80000000002,557893.8200000001
199501.0,559686.0,199510.35,559669.89,199519.7,559653.78,199563.76,559565.27,199581.37,559560.25,199601.01,559554.66,199612.84,559531.41,199623.86000000002,559524.0700000001,199681.29,559523.58
199610.80000000002,557893.8200000001,199612.52000000002,557920.38,199599.58000000002,557926.27,199595.80000000002,557928.0,199588.49,557941.33,199570.19,557952.55
199610.80000000002,557893.8200000001,199678.86000000002,557882.18,199728.26,557881.46,199735.88,557879.45,199766.94,557871.28,199793.03,557857.53,199840.0,557813.0
200029.39,558545.42,200017.64,558547.66,199970.61000000002,558556.62,199916.12,558567.0,199909.22,558568.31,199862.26,558577.26,199801.81,558575.53
199840.0,557813.0,199898.0,557709.0,199927.19,557639.45,200000.0,557466.0,200004.0,557461.0
200029.39,558545.42,200042.68,558463.4400000001,200042.68,558404.15,200027.53,558373.06,200001.68,558270.16,199996.45,558217.66,199999.96,558139.65,200001.94,558095.68,200013.69,558068.52,200019.96,558026.47,200016.83000000002,557962.22,200001.94,557936.36,199840.0,557813.0
197665.55000000002,570227.38,197696.41,570240.83,197709.95,570246.73,197724.09,570259.26
197724.09,570259.26,197794.0,570433.0,197850.44,570518.96,197859.0,570532.0,198024.0,570493.0,198128.93,570489.91
198058.24,572260.61,198067.24,572334.48,198065.54,572378.61,198095.87,572504.0,198106.45,572504.13,198152.75,572453.72,198209.5,572391.9500000001,198415.5,572520.34
198128.93,570489.91,198108.22,570527.03,198087.52000000002,570564.14
198212.80000000002,572602.0700000001,198187.31,572594.46,198149.16,572568.76,198133.1,572557.9400000001,198113.0,572561.0,198088.15,572582.56
198128.93,570489.91,198236.0,570492.0,198355.0,570417.0,198607.0,570381.0,198610.85,570379.9500000001,198673.0,570363.0,198812.0,570249.0,199041.09,570376.36
198212.80000000002,572602.0700000001,198226.81,572630.5700000001,198254.26,572631.93,198313.42,572634.87
198415.5,572520.34,198400.0,572552.33,198386.36000000002,572559.9,198353.0,572568.0,198322.69,572569.08,198297.0,572570.0,198212.80000000002,572602.0700000001
198583.4,571987.87,198668.0,572164.0,198583.55000000002,572253.13,198519.66,572320.5700000001,198415.5,572520.34
198583.4,571987.87,198567.13,571960.04,198550.2,571898.99,198554.49,571891.55,198569.25,571865.97,198541.76,571824.54,198536.68,571809.46,198542.55000000002,571802.63
198848.44,571892.89,198814.0,571910.0,198716.92,571942.78,198583.4,571987.87
198848.44,571892.89,198831.79,571873.17,198820.31,571869.34,198764.05000000002,571877.72,198720.77000000002,571884.17,198677.12,571857.71
199111.0,571708.0,199068.06,571632.2000000001,198997.21,571613.34,198934.49,571596.64,198839.12,571591.18
198856.0,571888.0,198852.22,571890.4400000001,198848.44,571892.89
198876.15,571914.64,198866.08000000002,571901.3200000001,198856.0,571888.0
198856.0,571888.0,198874.0,571874.0,198892.0,571860.0
198934.37,572062.03,198926.82,571997.18,198918.56,571983.73,198876.15,571914.64
198876.15,571914.64,198878.0,571892.0,198880.45,571886.41,198892.0,571860.0
198892.0,571860.0,198998.29,571779.05,199043.0,571745.0,199111.0,571708.0
199111.0,571708.0,199083.09,571628.72,199076.54,571626.52,198990.35,571597.49
199041.09,570376.36,199098.72,570411.86,199156.35,570447.35
199111.0,571708.0,199268.0,571692.0,199351.0,571669.0,199378.02000000002,571654.24,199406.97,571619.9,199510.0,571369.0,199546.38,571321.64,199563.0,571300.0,199724.0,571270.0,199832.0,571259.0,199880.81,571235.22,199972.75,571213.04,200000.0,571195.26,200053.0,571153.6,200144.2,571107.6
199156.35,570447.35,199145.65,570498.01,199134.95,570548.67
199156.35,570447.35,199261.62,570510.26,199366.32,570601.22,199498.24,570652.5,199546.02000000002,570677.18,199673.13,570752.74,200000.0,570947.03,200093.31,571005.3200000001,200144.2,571107.6
197464.86000000002,559903.8200000001,197412.91,559889.0700000001,197396.59,559871.17,197370.30000000002,559794.35,197437.9,559715.15,197501.9,559704.65,197526.1,559711.75,197574.5,559759.97,197606.30000000002,559772.85,197664.5,559843.15,197667.02000000002,559848.31,197694.5,559904.55,197702.1,559940.9500000001,197700.4,559973.85,197653.75,560127.75,197648.2,560289.4500000001,197628.1,560337.75,197603.71,560376.28,197605.0,560402.25,197637.4,560466.0,197648.80000000002,560555.25,197701.9,560687.1,197706.4,560715.3,197702.95,560768.4,197737.30000000002,560821.8,197747.35,560890.8,197770.30000000002,560974.2000000001,197774.09,561033.65,197775.55000000002,561056.55,197784.12,561079.63,197785.73,561083.9500000001,197790.87,561097.8,197801.84,561127.3200000001,197810.65,561151.05,197877.4,561259.35,197922.7,561316.65,197963.65,561355.35,198054.55000000002,561405.3,198203.0,561549.0
198485.5,563311.05,198474.55000000002,563287.5,198304.75,563064.6,198235.30000000002,562952.4,198223.15,562907.1,198223.45,562807.5,198172.0,562566.75,198109.80000000002,562429.05,198080.80000000002,562364.85,198037.75,562236.15,197974.75,562087.8,197966.05000000002,561933.9,197970.25,561921.4500000001,197991.55000000002,561888.15,198098.05000000002,561788.25,198140.5,561671.4,198203.0,561549.0
198203.0,561549.0,198408.25,561144.75,198428.76,561097.41,198444.7,561060.6,198464.65,560978.7000000001,198468.25,560934.0,198460.9,560903.7000000001,198435.85,560857.5,198432.1,560830.8,198442.6,560790.15,198465.7,560742.4500000001,198458.05000000002,560662.8,198469.0,560614.0
198203.0,561549.0,198327.55000000002,561675.4500000001,198419.65,561819.75,198466.6,561850.64,198602.95,561940.35,198692.35,562033.2000000001,198797.45,562074.1
198354.0,563360.0,198415.38,563321.01,198429.4,563312.1,198485.5,563311.05
198469.0,560614.0,198477.0,560582.0,198478.0,560480.0,198484.0,560450.0,198526.0,560350.0,198532.0,560317.0,198496.0,560235.0,198501.82,560165.2000000001,198503.0,560151.0,198496.0,560029.0,198427.91,559919.54,198404.04,559869.42,198415.04,559841.67,198495.21,559757.21
198469.0,560614.0,198511.0,560609.55,198602.65,560618.55,198691.15,560659.05,198739.0,560700.0,198765.1,560671.35,198776.05000000002,560667.3,198976.6,560628.0,198987.63,560628.47,199197.25,560637.4500000001,199385.05000000002,560595.15,199429.15,560575.8,199507.75,560498.85
198627.7,562933.9500000001,198622.9,562860.75,198636.13,562824.75,198674.65,562719.9
198627.7,562933.9500000001,198647.05000000002,562932.0,198668.18,562938.35,198672.04,562939.51,198700.45,562948.05,198705.37,562948.59,198748.6,562953.3,198755.6,562951.53,198768.57,562948.24,198780.71,562945.17,198784.15,562944.3,198784.52000000002,562942.08,198784.68,562941.16,198784.69,562941.08,198784.91,562939.8,198787.65,562923.59,198788.05000000002,562921.2000000001,198734.05000000002,562853.1,198724.27000000002,562837.5700000001,198699.1,562797.6,198696.42,562789.08,198679.87,562736.49,198677.28,562728.25,198677.0,562727.36,198674.65,562719.9
198884.80000000002,563338.65,198835.9,563262.3,198733.45,563169.0,198722.43,563155.77,198679.6,563104.35,198644.65,563028.0,198627.7,562933.9500000001
198674.65,562719.9,198721.9,562624.2000000001,198753.58000000002,562542.72,198761.5,562522.35,198869.80000000002,562458.75,198915.0,562447.0
198797.45,562074.1,198801.1,562062.63,198820.67,562049.66,198826.33000000002,562049.85,198859.1,562050.9400000001,198908.25,562052.5700000001,198914.36000000002,562051.8200000001,198926.94,562050.26,198954.25,562046.88,198963.81,562045.6900000001,198970.31,562038.35,199007.6,561996.1900000001,199016.47,561986.16
198797.45,562074.1,198830.5,562088.7000000001,198888.24,562180.65,198965.2,562303.2000000001
199007.35,563269.9500000001,199004.95,563262.75,199000.29,563248.78,198998.80000000002,563244.3,198956.05000000002,563223.6,198953.62,563221.68,198943.81,563213.9,198928.5,563201.77,198924.25,563198.4,198908.95,563169.3,198906.7,563137.05,198912.24,563135.56,198947.28,563126.18,198951.26,563125.11,198960.12,563122.73,198982.97,563116.61,198987.85,563115.3
198965.2,562303.2000000001,198950.95,562323.6,198960.64,562387.06,198964.9,562414.9500000001,198942.25,562437.6,198915.0,562447.0
199084.9,562703.25,199071.93,562691.05,199061.18,562680.93,199057.0,562677.0,199054.1,562670.4,199048.08000000002,562656.74,199034.86000000002,562626.74,199025.45,562605.38,199020.0,562593.0,199005.48,562572.81,199001.19,562566.84,198979.86000000002,562537.1900000001,198915.0,562447.0
198987.85,563115.3,198990.64,563110.04,198991.77000000002,563107.92,198993.1,563105.42,198994.17,563103.4,199007.05000000002,563079.15,199005.85,563053.65,198973.0,563004.15,198968.51,562978.36,198960.57,562932.72,198952.15,562884.3,198945.95,562863.3,198931.58000000002,562814.61,198923.86000000002,562788.47,198922.75,562784.7000000001,198934.9,562766.25,198968.2,562739.7000000001,199000.75,562724.1,199084.9,562703.25
198965.2,562303.2000000001,199084.47,562491.63,199148.0,562592.0,199148.0,562596.6,199148.0,562610.52,199148.0,562620.0,199123.0,562692.0
198975.39,561433.34,199016.08000000002,561352.81,199071.56,561317.8200000001,199075.58000000002,561317.66,199128.93,561315.5700000001,199175.28,561313.76,199203.36000000002,561312.66,199228.07,561311.6900000001,199300.21,561308.86,199306.5,561309.9,199338.07,561315.09,199341.47,561315.66
199007.35,563269.9500000001,199052.65,563256.4500000001,199054.03,563253.9,199064.6,563234.36,199066.45,563230.9500000001,199064.19,563227.29,199049.27000000002,563203.06,199048.64,563202.03,199039.75,563187.6,198991.9,563133.4500000001,198987.85,563115.3
198988.18,563368.78,198990.34,563357.63,198990.37,563357.48,198990.77000000002,563355.41,198991.64,563350.92,198992.08000000002,563348.63,198993.12,563343.3,198997.76,563319.37,199007.35,563269.9500000001
199084.9,562703.25,199090.9,562703.25,199096.9,562703.25
199096.9,562703.25,199109.28,562694.35,199115.05000000002,562690.2000000001,199123.0,562692.0
199096.9,562703.25,199104.65,562712.88,199106.45,562715.13,199112.0,562722.03,199116.0,562727.0
199116.0,562727.0,199118.82,562741.46,199120.48,562750.03,199126.30000000002,562779.9,199136.5,562796.25,199161.25,562815.15,199279.45,562866.9,199362.63,562912.08,199650.85,563068.65
199123.0,562692.0,199119.5,562709.5,199116.0,562727.0
199157.35,561547.35,199249.41,561431.5,199341.47,561315.66
199507.75,560498.85,199460.35,560455.35,199390.80000000002,560332.02,199289.65,560152.65
199341.47,561315.66,199523.76,561144.48,199706.05000000002,560973.3
199706.05000000002,560973.3,199636.32,560718.92,199604.0,560601.0,199570.0,560552.0,199507.75,560498.85
199650.85,563068.65,199675.45,563086.2000000001,199677.73,563087.83,199686.52000000002,563094.09,199700.05000000002,563103.75
199740.0,568577.0,199836.11000000002,568350.41,199837.27000000002,568347.68,199839.29,568342.91,199895.49,568210.42,199942.75,568099.0,200000.0,567999.0,200114.0,567884.0
198200.4,568279.31,198169.80000000002,568219.8,198163.37,568194.74,198160.56,568182.39,198173.99,568174.15,198183.07,568173.34,198198.04,568171.99,198213.2,568189.1,198216.45,568216.83,198200.4,568279.31
198178.38,568537.63,198174.38,568514.63,198180.5,568433.38,198185.2,568408.06,198203.38,568310.25,198200.4,568279.31
199273.5,568567.88,199241.0,568545.88,199236.29,568544.66,199193.57,568533.62
198594.63,569076.25,198544.0,569020.38,198497.63,568956.38,198433.75,568786.5,198426.35,568779.29,198178.38,568537.63
198178.38,568537.63,198116.38,568579.75,198093.75,568588.5,197943.57,568618.73,197838.5,568639.88,197833.63,568652.38,197859.80000000002,568781.55
199220.80000000002,568640.2000000001,199239.51,568598.29,199240.80000000002,568595.4,199273.5,568567.88
199393.5,568859.13,199388.88,568752.5,199359.47,568705.4400000001,199273.5,568567.88
199393.5,568859.13,199427.63,568800.25,199542.72,568689.06,199549.13,568682.88,199580.38,568659.88,199719.25,568593.25,199740.0,568577.0
199849.99,568686.4500000001,199788.88,568667.63,199784.02000000002,568647.43,199778.5,568624.5,199740.0,568577.0
199029.0,569316.0,199077.63,569271.13,199130.38,569247.75,199137.19,569234.63,199155.25,569199.88,199222.44,569126.5,199259.13,569037.75,199302.95,568990.78,199327.0,568965.0,199393.5,568859.13
196891.25,569232.16,196864.21,569103.01,196846.25,569017.25,196863.16,568976.28,196900.5,568964.63,196949.77000000002,568934.15,196974.25,568919.0,197038.25,568895.25
198594.63,569076.25,198560.63,569122.63,198517.38,569263.0,198477.77000000002,569321.62,198378.63,569468.38,198319.16,569546.31
199029.0,569316.0,198849.13,569245.88,198802.2,569214.6,198594.63,569076.25
197295.5,569486.0,197278.75,569479.63,197192.75,569403.25,197099.81,569350.51,196908.9,569242.18,196891.25,569232.16
199346.5,569462.63,199280.88,569416.88,199192.07,569381.31,199029.0,569316.0
199041.09,570376.36,199103.0,570067.0,199117.31,570032.21,199198.35,569922.25,199257.13,569842.5,199266.63,569773.25,199346.5,569462.63
200342.0,569822.0,200209.0,569732.0,200058.0,569726.0,199974.88,569711.38,199838.96,569658.78,199817.88,569650.63,199709.13,569556.38,199529.13,569508.5,199381.88,569478.63,199346.5,569462.63
197295.5,569486.0,197269.82,569507.96,197244.14,569529.92
198319.16,569546.31,198293.13,569544.75,198139.25,569503.75,197851.5,569659.0,197798.44,569656.59,197507.0,569643.38,197483.5,569637.13,197427.5,569600.88,197375.13,569530.88,197325.5,569488.75,197295.5,569486.0
198319.16,569546.31,198300.55000000002,569577.52,198281.94,569608.74
199334.41,565337.27,199340.74,565347.4400000001,199463.42,565402.05,199527.12,565470.24,199585.30000000002,565532.52,199653.79,565550.86,199728.65,565587.73
199334.41,565337.27,199283.13,565372.88,199222.25,565430.13,199134.0,565451.5,198943.98,565539.74,198871.0,565573.63,198814.5,565636.88,198588.38,565803.75
197183.38,565627.38,197188.0,565573.5,197183.25,565530.13,197189.94,565484.9,197210.94,565343.03
197210.94,565343.03,197179.38,565357.3,197147.82,565371.58
196989.17,565452.25,197068.49,565411.91,197147.82,565371.58
197183.38,565627.38,197109.54,565588.02,197056.5,565559.75,197038.56,565544.47
197128.13,565963.25,197131.5,565859.0,197154.86000000002,565794.99,197182.13,565720.25,197183.38,565627.38
198588.38,565803.75,198465.38,565910.13,198395.0,565938.75,198386.09,565946.14,198289.75,566026.13,198211.25,566048.38,198179.13,566077.5
198950.25,566170.88,198903.88,566146.38,198879.25,566126.13,198771.88,566006.25,198763.12,565994.72,198692.75,565902.0,198588.38,565803.75
198077.43,565816.38,198108.44,565956.48,198118.63,566002.5,198179.13,566077.5
197128.13,565963.25,197083.88,565951.25,197067.5,565957.63,196824.89,566164.09,196631.25,566328.88,196586.75,566362.0,196519.93,566389.48
197872.13,566350.25,197501.43,566154.18,197278.0,566036.0,197128.13,565963.25
198179.13,566077.5,198121.0,566196.38,198094.5,566233.38,198067.2,566248.5,198033.13,566267.38,197984.75,566316.5,197888.63,566348.0
198950.25,566170.88,198919.7,566172.59,198919.0,566172.63,198896.17,566191.92
199003.23,566204.51,198976.74,566187.6900000001,198950.25,566170.88
199003.23,566204.51,199005.96,566217.0,199011.06,566220.1900000001,199026.99,566230.16
199092.79,566259.29,199048.01,566231.9,199003.23,566204.51
197888.63,566348.0,197887.81,566353.5,197887.0,566359.0
197888.63,566348.0,197880.38,566349.13,197872.13,566350.25
197872.13,566350.25,197879.56,566354.63,197887.0,566359.0
197887.0,566359.0,197924.5,566379.13,197929.63,566392.88,197872.38,566506.5,197870.75,566675.25,197992.05000000002,566818.88,198341.25,567232.38
198341.25,567232.38,198348.0,567240.0700000001,198354.74,567247.76
198337.25,567244.38,198339.25,567238.38,198341.25,567232.38
198337.25,567244.38,198346.0,567246.0700000001,198354.74,567247.76
197456.07,567633.5,197520.0,567582.0,197614.25,567554.5,197688.88,567569.38,197734.38,567552.63,197810.88,567546.5,197854.38,567518.0,197856.65,567517.8,197977.13,567507.25,198064.88,567443.63,198215.18,567301.93,198268.97,567256.39,198274.75,567251.5,198337.25,567244.38
198354.74,567247.76,198441.0,567350.0,198488.05000000002,567454.99,198523.63,567534.38,198563.0,567567.25,198658.88,567622.25
197456.07,567633.5,197448.85,567626.0,197443.2,567584.63,197440.67,567566.14,197442.59,567532.7000000001
198695.13,567700.63,198671.63,567692.13,198644.37,567671.4400000001,198635.88,567665.0,198658.88,567622.25
198658.88,567622.25,198745.25,567645.38,198894.5,567670.25,198983.25,567667.13,199099.25,567684.88,199237.52000000002,567725.75,199290.38,567741.38,199399.38,567791.88,199486.0,567818.0,199807.0,567765.0
197460.13,567708.25,197458.1,567670.87,197456.07,567633.5
197460.13,567708.25,197446.75,567716.13,197168.86000000002,567771.24,196875.75,567829.38
197968.30000000002,563445.4500000001,197919.4,563420.4,197874.25,563408.4,197645.12,563378.96,197563.75,563368.5,197501.96,563335.84,197497.23,563333.34,197496.69,563333.06,197476.9,563322.6,197421.4,563280.4500000001,197382.4,563261.4,197356.25,563232.06,197344.72,563233.9400000001,197340.15,563243.4,197330.5,563263.38
198988.18,563368.78,199024.0,563378.0,199118.0,563385.0,199139.0,563374.0,199186.0,563325.0,199210.0,563315.0,199233.0,563316.0,199379.5,563373.61,199411.0,563386.0,199488.0,563443.0,199527.0,563446.0,199550.0,563427.0,199577.0,563324.0,199591.0,563295.0,199650.0,563278.0,199674.0,563259.0
199877.75,563818.16,199868.65,563801.85,199880.35,563784.6,199879.45,563770.65,199833.4,563662.65,199801.99,563531.22,199795.0,563502.0,199762.0,563428.0,199705.79,563355.4,199703.37,563352.28,199696.30000000002,563343.15,199683.1,563276.7000000001,199674.0,563259.0
198485.5,563311.05,198684.35,563364.21,198721.15,563374.05,198755.35,563370.9,198884.80000000002,563338.65
199826.79,563387.16,199804.69,563354.66,199788.30000000002,563330.54,199786.05000000002,563327.23,199782.6,563322.15
198884.80000000002,563338.65,198933.1,563341.9500000001,198938.88,563344.76,198988.18,563368.78
199774.28,563338.87,199778.9,563357.81,199780.46,563364.18,199786.63,563389.5
199774.28,563338.87,199773.32,563342.78,199772.36000000002,563346.6900000001
199753.80000000002,563346.34,199763.08000000002,563346.51,199772.36000000002,563346.6900000001
199753.80000000002,563346.34,199760.27000000002,563352.52,199766.75,563358.7000000001,199769.56,563352.6900000001,199772.36000000002,563346.6900000001
197968.30000000002,563445.4500000001,198075.0,563421.0,198162.33000000002,563406.75,198265.0,563390.0,198354.0,563360.0
198334.30000000002,563432.4,198344.15,563396.2000000001,198354.0,563360.0
198941.48,563460.7000000001,198970.75,563435.1,198974.52000000002,563420.74,198988.18,563368.78
199786.63,563389.5,199798.28,563394.01,199809.92,563398.52
198379.43,563521.5,198359.71,563475.28,198350.05000000002,563452.65,198334.30000000002,563432.4
198554.5,563893.2000000001,198531.4,563852.85,198410.80000000002,563715.0,198392.97,563684.2000000001,198389.35,563677.9500000001,198324.4,563501.25,198323.35,563476.9500000001,198334.30000000002,563432.4
197531.2,563838.3,197643.85,563822.85,197688.4,563812.9500000001,197713.75,563798.55,197742.7,563761.9500000001,197768.19,563679.0700000001,197782.15,563633.7000000001,197813.5,563588.55,197845.30000000002,563522.7000000001,197895.25,563481.0,197968.30000000002,563445.4500000001
197531.2,563838.3,197391.4,563693.1,197390.96,563692.37,197364.55000000002,563649.0,197360.05000000002,563586.75,197373.55000000002,563542.8,197367.62,563499.96
197463.06,564345.25,197502.85,564262.05,197509.9,564217.05,197492.88,564061.06,197491.6,564049.35,197443.0,563883.4500000001,197454.25,563856.75,197467.30000000002,563846.4,197531.2,563838.3
198554.5,563893.2000000001,198605.86000000002,563876.51,198657.23,563859.81
198729.55000000002,564450.9,198722.5,564367.9500000001,198704.80000000002,564266.1,198673.77000000002,564157.1,198652.81,564083.48,198642.06,564066.96,198588.67,564023.92,198554.5,563893.2000000001
197463.06,564345.25,197381.42,564299.76,197382.34,564269.47,197344.77000000002,564215.36,197313.29,564216.02,197263.41,564247.37,197224.12,564260.03,197216.19,564262.59,197144.62,564257.16,197113.13,564247.77,197080.32,564216.68,197025.29,564063.09
198729.55000000002,564450.9,198762.79,564443.37,198867.16,564358.67,198892.61000000002,564354.92,199003.74,564338.55,199061.39,564280.4
197398.0,564599.0,197399.35,564578.4,197383.75,564541.05,197383.15,564508.35,197400.37,564467.85,197415.55000000002,564432.15,197463.06,564345.25
197398.0,564599.0,197103.7,564626.1,196941.1,564629.4,196920.72,564619.4400000001,196919.16,564618.67,196887.1,564603.0,196847.88,564570.85,196795.6,564528.0,196769.65,564499.65,196744.75,564450.3,196738.45,564447.6,196670.07,564460.64,196408.49,564539.71,196379.62,564489.46
199414.13,565279.63,199368.88,565237.63,199261.25,565158.0,199160.88,565115.88,199060.88,565055.13,198988.45,564984.4500000001,198941.08000000002,564950.5,198927.55000000002,564940.8,198864.1,564852.9,198863.05000000002,564844.35,198890.2,564799.9500000001,198894.1,564774.9,198826.75,564708.4500000001,198729.55000000002,564450.9
197210.94,565343.03,197238.38,565156.5,197253.57,565103.23,197332.46,564977.54,197351.0,564948.0,197370.0,564773.0,197361.0,564704.0,197386.0,564649.0,197398.0,564599.0
197147.82,565371.58,197137.51,565366.17,197109.4,565224.91,197079.01,565072.24
199487.89,565197.97,199500.32,565207.11,199539.76,565209.4,199553.74,565210.21,199572.63,565246.52
199414.13,565279.63,199451.01,565238.8,199487.89,565197.97
199414.13,565279.63,199378.68,565314.58,199378.13,565315.13,199334.41,565337.27
