92972.56,15267.630000000001,92865.0,15323.0,92872.96,15358.34,92881.0,15394.0,92947.48,15435.4,92963.64,15474.52,92962.96,15487.27,92962.28,15500.01
92956.0,15514.0,92911.77,15538.41,92867.53,15562.82
92962.28,15500.01,92959.14,15507.01,92956.0,15514.0
92972.0,15514.0,92964.0,15514.0,92956.0,15514.0
92972.0,15514.0,92967.14,15507.01,92962.28,15500.01
93246.32,15622.64,93150.02,15613.98,93130.49,15604.31,93121.0,15586.720000000001,93106.74,15582.2,93082.85,15574.630000000001,93040.0,15544.0,93018.66,15541.6,92972.0,15514.0
93005.23,15218.32,92988.90000000001,15242.98,92972.56,15267.630000000001
92972.56,15267.630000000001,93005.84,15284.43,93039.12,15301.220000000001
93034.26,15135.33,93019.75,15176.83,93005.23,15218.32
93005.23,15218.32,93017.19,15247.57,93020.49,15255.66,93022.18000000001,15259.77,93022.25,15259.94,93022.87,15261.460000000001,93039.12,15301.220000000001
93039.12,15301.220000000001,93089.73,15322.89,93107.40000000001,15330.45,93128.01,15339.27,93143.24,15345.800000000001,93144.27,15347.960000000001,93154.88,15370.44,93158.31,15377.7
93158.31,15377.7,93151.81,15420.42,93141.43000000001,15417.75,93111.97,15410.18,93105.14,15411.29,93098.95,15426.69
93158.31,15377.7,93220.53,15413.11,93224.55,15415.41,93291.2,15408.99
93291.2,15408.99,93278.18000000001,15475.2,93276.09,15485.87,93263.1,15499.41,93266.13,15524.99,93258.13,15534.06
93291.2,15408.99,93360.55,15428.69,93412.48,15409.58,93446.59,15385.130000000001,93481.68000000001,15384.19,93480.77,15388.74,93453.86,15522.77,93482.77,15589.2
91116.0,10946.0,91101.0,10935.0,91095.0,10918.0,91104.74,10877.31,91123.0,10801.0
91427.0,10901.0,91453.0,10942.0,91471.14,10986.43,91473.0,10991.0,91547.0,11045.0
92469.6,10993.0,92428.0,10983.0,92406.0,10987.0,92341.0,11027.0,92220.6,11076.6,92158.76,11055.08,92107.40000000001,11037.2,92052.6,10970.2,91951.0,10954.0,91866.2,10915.0
91077.1,11020.76,91096.55,10983.380000000001,91116.0,10946.0
91526.42,11184.9,91504.0,11172.0,91488.8,11123.0,91451.6,11091.4,91406.0,11082.0,91324.90000000001,11053.47,91298.0,11044.0,91225.0,11045.0,91212.0,11000.0,91116.0,10946.0
90947.47,10954.49,90930.0,10973.0,90894.0,10981.0,90895.25,10982.87,90898.0,10987.0,90938.0,10997.0,90951.0,11010.0
92775.08,11093.72,92719.40000000001,11055.0,92628.67,11018.57,92564.0,10992.6,92529.6,10984.6,92469.6,10993.0
92500.05,11039.99,92478.98,11020.06,92476.8,11018.0,92474.74,11010.84,92472.58,11003.34,92469.6,10993.0
90951.0,11010.0,91014.05,11015.380000000001,91077.1,11020.76
90951.0,11010.0,90928.94,11058.800000000001,90927.09,11062.880000000001,90918.22,11082.49,90911.34,11097.72,90911.58,11108.210000000001,90884.25,11152.86
90931.63,11273.09,90958.0,11208.0,91015.52,11155.44,91016.0,11155.0,91077.1,11020.76
91526.42,11184.9,91542.76,11115.51,91549.0,11089.0,91547.0,11045.0
91706.49,11154.34,91659.0,11102.6,91634.23,11089.86,91547.0,11045.0
92775.08,11093.72,92848.31,11100.7,92867.59,11102.53,92919.11,11085.72
92561.0,11408.0,92631.40000000001,11318.2,92664.6,11288.2,92688.01,11259.7,92709.6,11233.4,92739.09,11193.48,92761.0,11163.800000000001,92779.0,11127.2,92775.08,11093.72
91706.49,11154.34,91720.01,11138.86,91733.54000000001,11123.39
91970.6,11286.4,91965.2,11306.800000000001,91930.2,11317.2,91901.21,11310.24,91870.2,11302.800000000001,91832.29000000001,11262.2,91795.17,11211.02,91772.97,11210.77,91772.04000000001,11210.14,91738.0,11187.0,91706.49,11154.34
91525.40000000001,11188.6,91525.91,11186.75,91526.42,11184.9
91489.8,11422.6,91514.0,11366.0,91517.73,11308.01,91524.31,11205.630000000001,91524.38,11204.6,91525.40000000001,11188.6
91525.40000000001,11188.6,91585.40000000001,11254.6,91656.41,11352.2,91714.39,11410.69,91719.77,11416.12,91719.98,11416.34,91747.40000000001,11444.0,91801.8,11474.6,91870.40000000001,11492.4,91940.8,11501.800000000001,91993.0,11523.0
90913.69,11318.130000000001,90922.66,11295.61,90931.63,11273.09
90913.69,11318.130000000001,90916.55,11319.18,90938.07,11327.07,90944.85,11308.4,90951.96,11288.81,90933.55,11274.58,90931.63,11273.09
91489.8,11422.6,91438.40000000001,11395.4,91406.2,11370.2,91359.58,11360.59,91295.75,11347.43,91294.48,11326.12,91307.46,11293.54,91284.34,11283.92
90940.40000000001,11591.300000000001,90921.0,11578.1,90897.40000000001,11580.7,90892.40000000001,11574.7,90897.6,11557.37,90898.1,11555.710000000001,90923.09,11472.380000000001,90934.0,11436.0,90905.0,11353.0,90913.69,11318.130000000001
92561.0,11408.0,92613.0,11449.4,92685.44,11435.64,92739.79000000001,11445.45,92747.44,11446.83,92793.31,11442.22,92848.51,11422.99,92873.97,11405.79,92882.14,11392.85,92877.41,11356.08
92479.6,11638.6,92510.92,11519.460000000001,92522.6,11475.0,92561.0,11408.0
91395.0,11608.0,91442.40000000001,11515.300000000001,91489.8,11422.6
92012.92,11515.23,92022.75,11494.49,92028.88,11481.57,92037.53,11481.77
91993.0,11523.0,92001.99,11515.27,92003.0,11514.4,92012.92,11515.23
92012.92,11515.23,92012.96,11523.62,92013.0,11532.0
92013.0,11532.0,92003.0,11527.5,91993.0,11523.0
92068.0,11669.4,92002.40000000001,11630.4,91997.6,11622.2,91998.45,11618.84,92016.0,11549.0,92013.0,11532.0
90940.40000000001,11591.300000000001,90912.42,11630.880000000001,90880.84,11640.16,90867.07,11650.79,90851.0,11663.19,90850.13,11681.01,90864.40000000001,11719.7,90854.0,11736.1
91318.0,11765.0,91185.42,11713.89,91182.45,11712.75,91123.17,11689.89,91043.8,11659.300000000001,90940.40000000001,11591.300000000001
91594.0,11785.0,91567.92,11753.15,91496.44,11694.16,91473.47,11675.210000000001,91452.46,11649.57,91395.0,11608.0
91318.0,11765.0,91351.22,11683.9,91352.0,11682.0,91395.0,11608.0
92093.41,11654.0,92162.2,11612.0,92175.40000000001,11618.0,92217.2,11672.800000000001,92226.31,11681.08,92274.40000000001,11724.800000000001,92332.0,11721.800000000001,92383.40000000001,11706.4
92383.40000000001,11706.4,92438.85,11681.81,92450.6,11676.6,92479.6,11638.6
92479.6,11638.6,92517.2,11671.12,92541.8,11692.4,92558.6,11695.2
92068.0,11669.4,92080.71,11661.7,92093.41,11654.0
92093.41,11654.0,92117.79000000001,11691.36,92117.92,11692.04,92124.03,11723.74,92135.67,11729.56
91991.0,11734.6,92014.6,11699.4,92022.83,11694.78,92068.0,11669.4
92558.6,11695.2,92581.29000000001,11696.39,92582.69,11691.300000000001,92583.15000000001,11689.61,92558.6,11695.2
92321.0,11999.1,92353.0,11972.0,92391.65000000001,11884.29,92447.2,11758.2,92399.72,11749.14,92394.8,11748.2,92383.40000000001,11706.4
91976.0,11754.2,91983.5,11744.4,91991.0,11734.6
92001.0,11760.0,91996.0,11747.300000000001,91991.0,11734.6
92001.0,11760.0,91988.5,11757.1,91976.0,11754.2
91594.0,11785.0,91664.0,11782.0,91723.0,11760.0,91745.28,11759.49,91783.0,11758.62,91976.0,11754.2
92001.0,11760.0,92019.6,11879.6,92015.6,11908.800000000001,92002.0,11942.800000000001,92001.37,11943.41,91972.6,11971.0,91959.0,12036.0,91937.0,12054.0,91916.0,12103.0,91850.65000000001,12104.89,91833.0,12105.4,91791.40000000001,12128.800000000001,91768.40000000001,12153.6,91752.79000000001,12162.75,91708.0,12189.0
91267.0,11960.0,91292.5,11862.5,91318.0,11765.0
91522.95,12046.800000000001,91417.25,12010.35,91311.54000000001,11973.89,91289.27,11966.95,91267.0,11960.0
91241.93000000001,12051.34,91254.47,12005.67,91267.0,11960.0
91241.93000000001,12051.34,91253.66,12055.32,91265.40000000001,12059.300000000001,91273.15000000001,12042.53,91280.91,12025.75
91217.0,12111.0,91229.47,12081.17,91241.93000000001,12051.34
91309.40000000001,12136.6,91263.2,12123.800000000001,91217.0,12111.0
91217.0,12111.0,91211.32,12112.95,91210.93000000001,12113.9,91200.28,12140.19,91187.0,12173.0
91257.43000000001,12504.24,91270.51,12317.66,91277.0,12225.0,91309.40000000001,12136.6
91708.0,12189.0,91633.0,12206.0,91607.40000000001,12204.6,91508.39,12182.01,91309.40000000001,12136.6
91829.2,12348.1,91828.34,12321.1,91789.99,12300.66,91763.87,12276.380000000001,91738.54000000001,12252.83,91725.42,12236.45,91708.0,12189.0
91829.2,12348.1,91826.6,12372.4,91838.57,12461.220000000001,91840.35,12474.36,91841.39,12482.08,91850.19,12547.41,91838.49,12599.73
91257.43000000001,12504.24,91288.8,12527.6,91304.67,12529.380000000001,91322.93000000001,12531.44,91378.89,12537.73,91404.40000000001,12540.6,91485.40000000001,12585.2,91496.66,12582.27
91257.43000000001,12504.24,91248.61,12513.460000000001,91239.8,12522.69,91194.40000000001,12532.6,91132.0,12567.6,91128.53,12573.69,91106.8,12611.800000000001,91027.19,12627.57
90502.23,10412.35,90533.82,10340.91,90540.34,10326.16,90561.69,10311.4,90597.49,10315.45
90718.41,10382.16,90722.90000000001,10371.300000000001,90732.38,10365.050000000001,90750.05,10353.380000000001,90759.47,10347.17,90787.0,10329.0
90767.23,10456.66,90754.66,10442.53,90742.08,10428.4
90767.23,10456.66,90779.11,10442.33,90791.0,10428.0
90787.0,10329.0,90776.0,10319.0,90776.0,10307.0,90806.88,10262.76,90809.01,10259.72,90813.0,10254.0,90840.94,10181.65
90787.0,10329.0,90807.5,10336.0,90828.0,10343.0
90791.0,10428.0,90809.5,10385.5,90828.0,10343.0
90824.0,10457.0,90807.5,10442.5,90791.0,10428.0
90834.51,10487.550000000001,90821.0,10480.0,90822.93000000001,10475.32,90828.0,10463.0,90824.0,10457.0
90824.0,10457.0,90851.0,10451.0,90878.08,10425.7,90925.36,10381.52
90901.77,10294.34,90864.88,10318.67,90828.0,10343.0
90840.94,10181.65,90877.40000000001,10195.06,90911.26,10198.550000000001,90910.1,10210.18,90901.77,10294.34
90840.94,10181.65,90879.09,9999.02,90951.42,9875.36,90994.09,9802.42,91027.69,9772.42,91030.41,9763.78,91032.15000000001,9758.26,91038.09,9739.42,91121.09,9596.02
90946.40000000001,10287.0,90924.09,10290.67,90901.77,10294.34
91044.0,10336.800000000001,90998.0,10338.4,90989.39,10329.82,90988.51,10328.94,90980.85,10321.32,90946.40000000001,10287.0
91356.0,10215.0,91289.0,10216.0,91253.5,10208.630000000001,91166.0,10228.0,91164.62,10227.93,91146.0,10227.0,91128.23,10220.86,91036.0,10189.0,90993.0,10250.0,90946.40000000001,10287.0
91356.0,10215.0,91356.0,10252.0,91349.0,10278.0,91346.87,10282.14,91315.5,10343.130000000001
91371.0,10212.0,91363.5,10213.5,91356.0,10215.0
91371.0,10212.0,91377.27,10196.41,91383.53,10180.82
91371.0,10212.0,91381.5,10216.62,91392.0,10221.23,91422.03,10242.07,91426.40000000001,10245.1,91438.0,10274.1
91383.53,10180.82,91388.77,10171.89,91391.95,10166.47,91393.17,10164.380000000001,91398.49,10155.32,91402.82,10147.95
91383.53,10180.82,91386.84,10170.92,91388.43000000001,10166.16,91398.7,10135.39,91427.25,10095.25,91443.0,10073.1,91503.0,10037.1
91438.0,10274.1,91445.2,10295.300000000001,91445.83,10295.95,91462.0,10312.7
91490.0,10243.0,91466.62,10264.880000000001,91457.40000000001,10273.5,91438.0,10274.1
91462.0,10312.7,91466.90000000001,10342.4,91471.8,10372.1
91517.89,10329.94,91491.95,10320.97,91466.0,10312.0
91517.89,10329.94,91502.34,10360.42,91500.0,10365.0,91471.8,10372.1
91471.8,10372.1,91479.97,10471.92,91483.6,10516.300000000001,91492.0,10536.1,91518.40000000001,10557.7
91490.0,10243.0,91510.36,10223.66,91523.51,10226.75,91535.93000000001,10222.22,91544.87,10218.960000000001,91588.49,10231.14
91573.0,10285.0,91551.84,10319.01,91545.0,10330.0,91517.89,10329.94
91735.0,10519.0,91736.01,10516.15,91756.95,10456.84,91767.13,10428.03,91761.07,10393.19
90491.0,10533.0,90510.5,10537.5,90530.0,10542.0
90491.0,10533.0,90493.88,10506.050000000001,90496.75,10479.1
90496.75,10479.1,90510.40000000001,10481.9,90524.05,10484.7,90545.66,10490.18,90567.26,10495.65,90598.35,10503.300000000001,90613.75,10499.6,90619.94,10492.14,90644.75,10462.2,90662.45,10456.300000000001
90498.40000000001,10593.4,90511.7,10572.0,90525.0,10550.6
90498.40000000001,10593.4,90579.1,10646.37,90609.0,10666.0,90643.0,10677.0,90668.0,10678.0
90525.0,10550.6,90549.0,10589.0,90556.51,10594.1,90601.5,10624.62
90525.0,10550.6,90527.5,10546.300000000001,90530.0,10542.0
90530.0,10542.0,90579.0,10553.5,90628.0,10565.0
90668.0,10678.0,90641.0,10668.0,90614.0,10639.0,90613.86,10635.07,90613.08,10613.15,90628.0,10565.0
90628.0,10565.0,90656.0,10558.0,90704.28,10520.14,90744.0,10489.0,90767.23,10456.66
90668.0,10678.0,90718.5,10680.0,90769.0,10682.0
90769.0,10682.0,90781.0,10670.0,90793.0,10658.0
90769.0,10682.0,90791.0,10692.0,90813.0,10702.0
90793.0,10658.0,90793.5,10644.5,90794.0,10631.0,90795.0,10617.0,90805.86,10593.33,90822.58,10556.91
90793.0,10658.0,90818.47,10634.0,90843.94,10610.0
90813.0,10702.0,90821.36,10706.7,90829.73,10711.4
90813.0,10702.0,90816.61,10697.86,90837.0,10674.5,90861.0,10647.0,90873.0,10657.0,90885.0,10667.0
90829.73,10711.4,90902.05,10753.72,90925.92,10767.69,90948.0,10772.0,90981.39,10767.91
90829.73,10711.4,90861.91,10776.99,90883.99,10821.99,90899.62,10838.76
90843.94,10610.0,90851.56,10595.960000000001,90853.78,10591.85,90891.67,10521.99,90896.72,10516.53,90907.23,10505.16,90928.02,10488.97,90989.63,10466.09
90885.0,10667.0,90886.0,10679.0,90879.28,10687.32,90865.0,10705.0
90915.5,10733.5,90942.0,10699.0,90931.61,10694.72,90908.0,10685.0,90885.0,10667.0
90981.39,10767.91,90979.97,10770.64,90973.24,10783.64,90956.61,10797.25,90926.28,10822.1
90981.39,10767.91,91055.87,10768.98,91057.0,10769.0,91123.0,10801.0
91123.0,10801.0,91255.0,10857.0,91272.86,10859.67,91362.0,10873.0,91389.0,10880.0,91427.0,10901.0
91655.0,10829.0,91581.0,10813.0,91534.0,10817.0,91527.57,10820.12,91501.0,10833.0,91427.0,10901.0
91518.40000000001,10557.7,91539.8,10583.1,91583.8,10679.9,91591.08,10692.49,91647.8,10790.7,91657.40000000001,10810.300000000001,91655.0,10829.0
91735.0,10519.0,91719.0,10513.0,91690.0,10488.0,91630.09,10514.7,91598.0,10529.0,91542.0,10542.0,91518.40000000001,10557.7
91866.2,10915.0,91796.0,10879.0,91762.68000000001,10867.18,91655.0,10829.0
92009.0,10390.0,91991.78,10456.960000000001,91991.73,10457.16,91991.0,10460.0,91990.28,10461.02,91962.0,10501.0,91951.0,10541.0,91906.0,10607.0,91896.91,10626.27,91881.0,10660.0,91864.0,10662.0,91829.0,10648.0,91791.0,10559.0,91763.86,10520.12,91735.0,10519.0
91866.2,10915.0,91913.0,10847.0,91981.73,10769.4,92105.2,10630.0
90141.82,10652.45,90113.29000000001,10651.79,90084.75,10651.130000000001
90084.75,10651.130000000001,90101.0,10640.0,90110.90000000001,10614.83,90121.87,10586.92,90124.86,10579.33,90128.0,10571.33
90121.0,10448.0,90107.0,10501.0,90107.21,10507.74,90108.31,10542.34,90111.0,10549.0,90129.34,10556.35
90148.0,10667.0,90144.33,10669.710000000001,90143.90000000001,10670.03,90122.83,10685.59,90121.28,10686.74,90126.59,10694.45,90127.31,10695.49,90137.94,10710.91
90128.0,10571.33,90128.67,10563.84,90129.34,10556.35
90148.0,10667.0,90148.89,10650.6,90149.34,10642.34,90150.69,10617.52,90150.27,10616.66,90147.53,10611.09,90146.91,10609.82,90128.0,10571.33
90129.34,10556.35,90144.66,10548.15,90146.86,10546.97,90164.38,10537.6
90163.0,10671.0,90155.96,10682.2,90153.79000000001,10685.67,90150.47,10690.95,90137.94,10710.91
90137.94,10710.91,90160.47,10725.2,90161.71,10725.99,90187.07,10742.07,90190.29000000001,10773.51,90192.97,10799.76,90196.1,10830.28,90187.2,10855.85,90185.35,10861.18
90163.0,10671.0,90155.5,10669.0,90148.0,10667.0
90156.64,10506.630000000001,90195.37,10505.300000000001,90207.92,10504.87,90212.0,10479.0
90200.55,10597.45,90189.0,10610.0,90186.78,10616.050000000001,90178.67,10638.1,90170.83,10654.550000000001,90163.0,10671.0
90164.38,10537.6,90175.06,10552.49,90185.73,10567.39
90164.38,10537.6,90192.75,10533.07,90221.12,10528.550000000001
90185.73,10567.39,90193.14,10582.42,90195.8,10587.82,90198.7,10593.7,90200.55,10597.45
90221.12,10528.550000000001,90221.25,10544.76,90207.59,10546.89,90207.22,10546.95,90185.73,10567.39
90259.0,10541.0,90229.77,10569.22,90200.55,10597.45
90212.0,10479.0,90255.88,10486.9,90268.43000000001,10481.14,90284.0,10474.0,90323.94,10484.4
90221.12,10528.550000000001,90242.16,10528.960000000001,90244.0,10529.0,90259.0,10541.0
90272.0,10535.0,90265.5,10538.0,90259.0,10541.0
90268.46,10579.03,90272.62,10577.15,90273.65000000001,10576.68,90285.31,10571.4,90288.90000000001,10569.77,90302.39,10563.66,90322.90000000001,10562.79,90335.97,10562.23,90339.58,10562.08,90342.09,10561.97,90361.82,10561.130000000001,90366.65000000001,10542.94
90272.0,10535.0,90281.0,10518.0,90294.89,10507.130000000001,90323.94,10484.4
90317.0,10531.0,90294.5,10533.0,90272.0,10535.0
90317.0,10531.0,90331.5,10525.0,90346.0,10519.0
90366.65000000001,10542.94,90341.82,10536.97,90317.0,10531.0
90346.0,10519.0,90342.0,10496.5,90338.0,10474.0
90346.0,10519.0,90355.74,10518.62,90365.47,10518.24,90378.94,10517.62,90392.40000000001,10517.0
90385.8,10546.6,90376.23,10544.77,90366.65000000001,10542.94
90385.8,10546.6,90389.1,10531.800000000001,90392.40000000001,10517.0
90498.40000000001,10593.4,90475.6,10578.6,90443.51,10567.16,90385.8,10546.6
90392.40000000001,10517.0,90423.74,10522.08,90441.7,10525.0,90462.67,10528.4,90463.03,10528.460000000001,90491.0,10533.0
88874.82,15250.9,88876.07,15252.48,88883.2,15261.37,88883.37,15261.58,88888.11,15267.5,88894.23,15275.130000000001,88913.64,15299.36
88903.73,15210.37,88897.53,15132.710000000001,88902.24,15114.86,88906.08,15100.35,88961.02,15040.33
89014.0,15366.0,88989.0,15310.0,88967.28,15281.34,88917.0,15215.0,88912.14,15213.300000000001,88909.89,15212.52,88903.73,15210.37
88950.0,15458.0,88928.26,15439.04,88906.52,15420.09
88930.65000000001,14797.65,88913.99,14767.77,88908.48,14757.89,88908.0,14735.0
89004.28,14948.2,88981.86,14943.62,88980.35,14943.31,88945.04000000001,14936.09,88930.53,14906.09,88914.97,14873.92,88914.62,14863.36,88955.76,14839.65
88930.65000000001,14797.65,88988.84,14829.57,88990.57,14830.52,88999.97,14867.92,88993.73,14892.98
88955.76,14839.65,88943.21,14818.65,88930.65000000001,14797.65
89014.0,15366.0,89007.0,15389.0,88986.16,15414.23,88950.0,15458.0
88993.73,14892.98,88975.73,14881.210000000001,88970.40000000001,14870.12,88955.76,14839.65
89049.58,15024.970000000001,89005.3,15032.65,88961.02,15040.33
88961.02,15040.33,88982.65000000001,14994.26,89004.28,14948.2
89010.04000000001,14899.27,89001.89,14896.130000000001,88993.73,14892.98
89004.28,14948.2,89010.47,14933.27,89016.65000000001,14918.35
89016.65000000001,14918.35,89013.34,14908.81,89010.04000000001,14899.27
89031.29000000001,14906.73,89020.67,14903.0,89010.04000000001,14899.27
89016.65000000001,14918.35,89023.97,14912.54,89031.29000000001,14906.73
89031.29000000001,14906.73,89043.28,14902.460000000001,89049.13,14900.380000000001,89065.27,14894.64,89117.76,14875.960000000001,89128.78,14872.04,89201.54000000001,14846.15,89269.24,14812.02,89290.73,14790.550000000001,89325.14,14756.17,89366.24,14715.1,89375.67,14708.49,89400.05,14691.42,89405.45,14687.64,89422.75,14685.57,89440.63,14701.81,89472.84,14731.050000000001,89622.15000000001,14630.49,89656.59,14598.82,89860.98,14539.68
89098.93000000001,14952.92,89096.8,14951.460000000001,89084.73,14943.220000000001,89065.11,14929.82,89031.29000000001,14906.73
89049.58,15024.970000000001,89071.2,15017.59,89089.15000000001,14998.220000000001,89099.25,14987.32,89098.93000000001,14952.92
89397.15000000001,15024.0,89355.73,15000.95,89320.53,14961.550000000001,89287.73,14943.35,89261.88,14942.550000000001,89209.76,14940.960000000001,89098.93000000001,14952.92
89559.2,15127.48,89546.04000000001,15127.92,89516.04000000001,15128.95,89513.68000000001,15129.03,89474.62,15088.630000000001,89432.7,15045.29,89397.15000000001,15024.0
89397.15000000001,15024.0,89445.88,15002.880000000001,89454.23,15004.2,89515.05,15013.78
89515.05,15013.78,89541.61,15019.550000000001,89590.74,15018.36,89621.28,15006.04,89624.45,15004.76,89635.59,15000.27,89679.92,14973.050000000001,89700.39,14960.48,89706.33,14956.83,89722.35,14947.0,89734.87,14932.07,89738.81,14927.37,89750.57,14913.34,89785.36,14871.86,89793.23,14862.470000000001,89795.8,14864.12,89799.13,14866.27,89805.45,14870.33,89825.38,14907.48,89833.25,14908.69
89515.05,15013.78,89527.61,15065.0,89535.43000000001,15071.59,89541.82,15076.98,89546.82,15108.73,89553.15000000001,15118.31,89556.53,15123.44,89559.2,15127.48
89530.47,15405.54,89589.77,15345.44,89652.06,15326.95,89662.0,15324.0,89705.42,15295.85,89722.49,15265.98,89721.51,15213.09
89530.47,15405.54,89539.79000000001,15407.220000000001,89574.09,15413.41,89597.41,15417.62,89599.75,15415.99,89601.0,15415.12,89616.69,15404.210000000001,89638.65000000001,15388.94,89662.14,15389.31
89721.51,15213.09,89683.74,15191.15,89648.56,15181.26,89638.51,15173.78,89631.99,15168.93,89604.15000000001,15148.19,89592.91,15139.82,89586.92,15137.630000000001,89565.39,15129.74,89559.2,15127.48
89721.51,15213.09,89710.53,15137.11,89733.08,15083.68,89751.0,15062.0,89752.66,15060.84,89887.72,14966.2
89887.72,14966.2,89870.44,14924.7,89865.84,14913.64,89833.25,14908.69
89860.98,14539.68,89863.0,14563.0,89953.7,14649.9,89961.35,14663.51,89977.67,14692.54,89984.05,14703.89,89982.32,14711.06,89981.97,14712.53,89981.48,14714.56,89978.94,14725.14,89974.46,14730.1,89969.0,14736.16,89967.77,14737.53,89943.0,14765.0,89921.0,14811.0,89908.33,14910.76,89896.67,14958.53,89887.72,14966.2
88908.0,14735.0,88886.28,14704.37,88844.58,14674.66,88835.64,14657.41,88844.90000000001,14640.470000000001,88895.0,14620.0,88911.16,14604.0,88944.65000000001,14522.84,88981.2,14463.82,88980.32,14439.5,88953.92,14369.74,88924.71,14292.57,88926.25,14280.550000000001,88927.53,14278.470000000001,88970.31,14209.43,88975.23,14145.6,89021.77,14129.73,89043.42,14111.14,89060.72,14096.29,89086.81,14063.630000000001,89142.09,14050.960000000001,89157.79000000001,14039.99
88908.0,14735.0,88920.46,14710.92,88956.08,14682.41,88967.53,14673.24,88976.53,14666.03,89009.28,14597.34,89041.86,14566.67,89072.01,14538.28,89088.93000000001,14522.35,89121.84,14505.59,89154.64,14488.880000000001,89175.33,14478.35,89218.51,14474.43,89318.53,14465.35,89352.13,14452.35,89358.17,14445.58,89374.87,14426.89,89392.33,14407.35,89469.19,14339.83,89549.86,14295.42,89582.61,14288.07
89075.95,14044.45,89116.87,14042.220000000001,89157.79000000001,14039.99
89157.79000000001,14039.99,89199.93000000001,14035.550000000001,89230.71,14048.79,89230.95,14048.89,89261.15000000001,14061.89,89268.73,14065.15,89303.21,14064.11
89337.75,13732.04,89315.2,13657.880000000001,89262.14,13570.29,89247.46,13546.06,89259.44,13483.12,89243.49,13445.17,89249.74,13431.460000000001,89274.6,13412.460000000001
89303.21,14064.11,89290.08,14031.470000000001,89286.91,14013.2,89283.7,13994.69,89281.81,13983.76,89296.67,13933.57,89335.27,13803.210000000001
89467.43000000001,14162.99,89450.82,14155.960000000001,89376.31,14153.43,89359.08,14152.85,89356.73,14152.77,89346.29000000001,14147.710000000001,89342.51,14145.880000000001,89333.5,14120.37,89322.95,14090.5,89303.21,14064.11
89393.05,13780.11,89362.25,13787.56,89353.72,13789.62,89335.27,13803.210000000001
89335.27,13803.210000000001,89336.51,13767.630000000001,89337.75,13732.04
89337.75,13732.04,89361.58,13760.61,89363.66,13763.11,89393.05,13780.11
89393.05,13780.11,89462.39,13776.84,89500.37,13815.460000000001,89525.04000000001,13840.550000000001,89575.17,13838.44,89612.51,13846.58
89490.54000000001,14197.25,89478.99,14180.12,89467.43000000001,14162.99
89495.97,14209.92,89496.92,14241.800000000001,89496.97,14243.52,89486.01,14249.25,89470.57,14257.32,89495.24,14271.73
89490.54000000001,14197.25,89493.25,14203.58,89495.97,14209.92
89505.90000000001,14198.550000000001,89498.22,14197.9,89490.54000000001,14197.25
89495.97,14209.92,89500.94,14204.23,89505.90000000001,14198.550000000001
89582.61,14288.07,89581.97,14280.64,89581.62,14276.6,89579.26,14249.07,89578.14,14236.0,89569.35,14223.220000000001,89568.93000000001,14223.01,89529.41,14202.93,89505.90000000001,14198.550000000001
89582.61,14288.07,89631.33,14285.16,89635.75,14284.9,89705.61,14280.73,89828.62,14273.380000000001
89828.62,14273.380000000001,89848.05,14298.970000000001,89849.06,14309.99,89853.0,14353.0
89882.29000000001,14270.34,89855.45,14271.86,89828.62,14273.380000000001
89838.36,10495.87,89847.07,10527.710000000001,89855.77,10559.54
89853.0,14353.0,89867.65000000001,14311.67,89882.29000000001,14270.34
89853.0,14353.0,89856.99,14446.34,89857.88,14467.17,89858.6,14484.08,89860.98,14539.68
89855.77,10559.54,89875.43000000001,10631.58,89884.0,10663.0,89894.0,10675.0,89920.0,10680.0
89882.29000000001,14270.34,89914.89,14199.74,89921.8,14151.48,89922.41,14103.84,89924.1,13972.49,89903.54000000001,13934.94
90051.0,10648.25,90047.0,10658.0,90013.0,10674.0,89991.0,10693.0,89978.84,10709.0,89919.99,10786.45
89920.0,10680.0,89936.92,10677.5,89944.46,10673.36,89967.0,10661.0
89920.0,10680.0,89941.44,10664.57,89945.0,10662.0,89967.0,10661.0
89967.0,10661.0,90009.0,10654.630000000001,90051.0,10648.25
90084.75,10651.130000000001,90075.58,10650.34,90073.47,10650.16,90069.95,10649.86,90067.88,10649.69,90064.76,10649.42,90051.0,10648.25
90102.78,10380.41,90097.95,10396.83,90096.65000000001,10401.25,90072.0,10485.0,90068.36,10519.550000000001,90068.0,10523.0,90081.0,10613.0,90075.0,10624.0,90053.0,10638.0,90051.0,10648.25
89309.32,15551.61,89294.26,15530.07,89292.75,15528.62,89245.51,15483.61,89226.75,15465.73,89214.64,15441.36,89185.11,15433.24,89184.18000000001,15432.98,89175.59,15430.62,89173.83,15424.03,89161.0,15376.0,89113.33,15379.95,89059.03,15384.45,89038.90000000001,15382.03,89014.0,15366.0
89309.32,15551.61,89315.91,15545.08,89319.68000000001,15541.33,89393.03,15468.56,89400.58,15461.07,89500.49,15421.98,89515.48,15413.76,89530.47,15405.54
88856.5,15421.08,88845.75,15443.54,88835.0,15466.0
89190.53,15610.14,89084.01,15604.84,89049.04000000001,15590.77,89041.11,15583.04,89013.92,15556.56,88950.0,15458.0
92867.53,15562.82,92883.49,15528.76,92894.03,15517.62,92930.42,15479.17
89308.07,15583.15,89308.7,15567.380000000001,89309.32,15551.61
92867.53,15562.82,92845.53,15573.57,92823.53,15584.32,92821.79000000001,15633.52,92811.69,15654.98,92780.61,15720.99,92754.25,15780.98,92708.1,15820.53,92634.97,15852.34,92590.74,15877.79,92576.92,15885.74,92468.44,15930.49,92345.11,15941.140000000001,92283.85,15947.61,92218.26,15976.83,92201.37,15997.87,92128.02,16089.210000000001,92107.68000000001,16127.37,92106.24,16130.210000000001,92104.79000000001,16133.050000000001,92089.68000000001,16160.08,92082.8,16172.380000000001,92071.45,16192.67,92035.26,16199.93,91971.90000000001,16196.58,91870.86,16165.16,91841.74,16156.11,91748.61,16163.92,91598.08,16163.74
89308.07,15583.15,89329.86,15582.25,89334.6,15591.44,89349.34,15620.01
89308.07,15583.15,89305.71,15607.84,89268.71,15636.6,89265.08,15639.43,89257.64,15667.800000000001,89238.64,15700.39
89238.64,15700.39,89223.11,15649.98,89219.24,15637.43,89190.53,15610.14
89340.15000000001,15634.050000000001,89312.64,15683.58,89310.14,15692.92,89293.0,15757.0
89250.6,15738.58,89244.62,15719.48,89238.64,15700.39
89293.0,15757.0,89271.8,15747.79,89250.6,15738.58
89250.6,15738.58,89226.52,15751.25,89224.77,15752.17,89228.18000000001,15777.17
89289.23,15774.460000000001,89291.11,15765.73,89291.42,15764.32,89291.63,15763.33,89293.0,15757.0
89228.18000000001,15777.17,89205.97,15773.9,89193.27,15772.03,89188.33,15771.300000000001,89182.01,15784.93,89178.84,15791.75,89176.51,15796.78,89173.02,15797.91,89162.08,15801.48,89148.25,15805.99,89125.87,15828.53,89082.52,15857.99,89058.48,15874.33,88911.16,15916.32
89236.62,15784.210000000001,89262.92,15779.33,89289.23,15774.460000000001
89294.87,15803.6,89292.05,15789.03,89289.23,15774.460000000001
89228.18000000001,15777.17,89232.40000000001,15780.69,89236.62,15784.210000000001
89236.62,15784.210000000001,89241.7,15826.52,89242.09,15829.710000000001,89244.45,15849.41,89244.18000000001,15851.380000000001,89240.8,15875.52,89270.57,15876.550000000001,89278.03,15887.800000000001
89294.87,15803.6,89301.7,15821.9,89304.39,15829.1,89302.45,15831.95,89300.62,15834.65,89297.72,15838.9
89297.72,15838.9,89289.44,15828.43,89290.73,15822.53,89294.87,15803.6
89278.03,15887.800000000001,89283.71,15873.710000000001,89285.67,15868.83,89286.14,15867.67,89287.88,15863.35,89297.72,15838.9
89278.03,15887.800000000001,89280.26,15912.33,89287.92,15915.7,89307.23,15924.17,89307.68000000001,15926.59,89308.62,15931.6,89308.72,15932.15,89309.42,15935.890000000001
91511.76,16144.960000000001,91495.83,16115.36,91489.76,16113.56,91451.46,16102.24
91537.86,16193.73,91500.8,16180.880000000001,91499.21,16180.33,91503.28,16168.86,91507.02,16158.32,91511.76,16144.960000000001
91557.0,16151.0,91533.62,16152.25,91529.23,16152.48,91511.76,16144.960000000001
91598.08,16163.74,91579.36,16150.93,91578.0,16150.0,91557.0,16151.0
91557.0,16151.0,91547.43000000001,16172.37,91537.86,16193.73
91598.08,16163.74,91596.35,16185.69,91601.1,16191.03,91617.68000000001,16198.470000000001,91622.96,16200.84,91625.6,16202.02,91660.88,16217.85
91537.86,16193.73,91531.85,16215.08,91525.85,16236.44
87761.68000000001,8292.85,87749.21,8276.86,87694.24,8236.7,87663.7,8183.4400000000005,87637.61,8137.93,87589.5,8102.42,87588.38,8064.9400000000005,87611.06,8059.900000000001,87625.82,8045.93,87720.08,8105.37,87740.75,8118.400000000001,87759.01,8095.62,87804.49,8101.26,87859.97,8099.03
87751.0,8340.0,87756.34,8316.42,87761.68000000001,8292.85
87917.45,8388.84,87858.67,8366.95,87840.0,8360.0,87834.57,8359.65,87828.04000000001,8359.23,87826.85,8359.15,87826.11,8359.1,87824.93000000001,8359.03,87824.64,8359.01,87778.0,8356.0,87758.85,8344.65,87755.99,8342.960000000001,87751.0,8340.0
87761.68000000001,8292.85,87793.0,8242.0,87835.0,8199.0,87840.2,8195.7,87887.0,8166.0,87951.90000000001,8138.35
87951.90000000001,8138.35,87917.0,8117.0,87908.0,8114.16,87859.97,8099.03
87917.45,8388.84,87901.48,8426.43,87896.19,8467.92,87887.3,8488.24,87900.63,8504.01,87932.06,8518.4,88050.7,8461.57,88072.87,8457.73,88099.07,8453.210000000001,88141.72,8457.44,88212.84,8505.7,88261.95,8521.26,88314.23,8561.47,88323.54000000001,8560.68,88333.65000000001,8539.62,88342.17,8538.960000000001
88094.17,8163.34,88082.36,8192.03,88082.13,8192.31,88040.0,8244.0,88000.0,8265.0,87989.85,8266.85,87978.0,8269.0,87931.0,8388.0,87917.45,8388.84
88089.23,8154.84,88018.42,8155.64,87986.0,8156.0,87951.90000000001,8138.35
88094.17,8163.34,88091.7,8159.09,88089.23,8154.84
88099.29000000001,8154.16,88094.26,8154.5,88089.23,8154.84
88099.29000000001,8154.16,88096.73,8158.75,88094.17,8163.34
88304.32,8214.93,88253.99,8178.99,88233.0,8164.0,88200.38,8148.63,88156.19,8150.81,88150.42,8151.1,88112.0,8153.0,88105.65000000001,8153.58,88099.29000000001,8154.16
88398.0,8229.0,88347.0,8256.0,88346.45,8255.47,88304.32,8214.93
88398.0,8229.0,88385.0,8220.0,88352.55,8217.960000000001,88304.32,8214.93
88342.17,8538.960000000001,88343.96,8520.3,88366.0,8483.0,88409.28,8441.06,88424.73,8426.08,88462.0,8400.0,88479.0,8368.0,88477.0,8349.0,88452.77,8326.4,88438.05,8289.24,88429.3,8267.15,88398.0,8229.0
89855.77,10559.54,89849.81,10555.6,89800.93000000001,10523.29,89770.19,10502.960000000001,89720.31,10469.99,89589.73,10362.61,89560.22,10318.68,89542.33,10265.16,89574.8,10170.35,89653.40000000001,10094.6,89714.0,10017.65,89726.83,9995.75,89739.7,9973.79,89741.14,9971.33,89776.6,9910.83,89802.0,9905.91,89848.67,9930.82,89979.03,9939.39,90013.89,9933.22,90043.64,9936.04,90082.1,10165.69,90094.24,10190.15,90092.0,10312.0,90102.78,10380.41
89818.0,10374.0,89781.64,10340.04,89756.25,10316.31,89754.95,10316.74,89744.25,10320.26,89742.0,10321.0
89839.64,10316.47,89825.47,10300.51,89811.3,10284.54
89839.64,10316.47,89824.07,10343.82,89819.35,10352.1,89818.0,10374.0
89818.0,10374.0,89838.41,10433.95,89844.43000000001,10451.62,89838.36,10495.87
89825.0,10165.0,89827.01,10173.35,89843.18000000001,10240.62,89847.17,10257.24,89848.35,10262.130000000001,89850.0,10269.0,89848.11,10277.65,89845.55,10289.37,89839.64,10316.47
90009.03,10192.66,89966.93000000001,10197.87,89928.13,10222.17,89918.92,10245.14,89908.89,10270.15,89908.6,10270.86,89903.97,10282.41,89889.48,10290.08,89846.09,10313.06,89839.64,10316.47
90121.0,10448.0,90127.13,10428.58,90133.25,10409.15
90121.0,10448.0,90165.33,10463.1,90166.5,10463.5,90177.55,10467.26,90212.0,10479.0
90323.94,10484.4,90330.97,10479.2,90338.0,10474.0
90338.0,10474.0,90345.41,10474.28,90349.7,10474.44,90356.94,10474.72,90364.43000000001,10475.0,90404.0,10476.5,90470.0,10479.0
90470.0,10479.0,90472.09,10447.35,90472.39,10442.89,90499.0,10437.0
90499.0,10437.0,90495.52,10428.51,90492.04000000001,10420.02
90492.04000000001,10420.02,90497.13,10416.19,90502.23,10412.35
90496.75,10479.1,90497.88,10458.050000000001,90499.0,10437.0
90502.23,10412.35,90518.15000000001,10409.5,90536.15000000001,10430.6,90536.65000000001,10430.7,90567.25,10437.1,90579.68000000001,10432.77
87536.6,14725.31,87499.19,14746.84,87490.61,14744.960000000001,87456.19,14737.45,87441.91,14728.73
87569.42,14749.14,87553.01,14737.220000000001,87536.6,14725.31
87536.6,14725.31,87577.67,14693.39,87618.73,14661.470000000001
87888.98,14980.34,87845.93000000001,14976.75,87792.93000000001,14957.35,87700.48,14906.08,87673.25,14890.98,87576.36,14790.95,87568.21,14775.94,87570.65000000001,14758.23
87570.65000000001,14758.23,87570.03,14753.68,87569.42,14749.14
87578.62,14756.06,87574.02,14752.6,87569.42,14749.14
87578.62,14756.06,87574.63,14757.15,87570.65000000001,14758.23
87750.22,14768.880000000001,87691.0,14735.0,87665.2,14729.710000000001,87652.0,14727.0,87634.0,14728.0,87590.0,14755.0,87578.62,14756.06
87750.22,14768.880000000001,87783.58,14768.41,87816.94,14767.95
87876.75,14853.32,87833.53,14824.550000000001,87815.82,14807.050000000001,87800.73,14792.15,87750.22,14768.880000000001
87876.75,14853.32,87875.16,14850.380000000001,87872.04000000001,14844.61,87851.75,14807.17,87850.98,14805.74,87816.94,14767.95
87816.94,14767.95,87817.61,14733.880000000001,87818.09,14709.41,87823.44,14701.44
87823.44,14701.44,87881.93000000001,14629.31,87909.67,14540.62,87912.35,14532.050000000001,87914.08,14526.550000000001,87920.28,14506.7,87944.81,14480.98,87980.13,14467.79,87994.95,14443.12,87995.81,14425.19,87971.2,14407.56
88030.04000000001,14916.67,88039.23,14914.48,88053.03,14900.37,88073.43000000001,14879.51,88056.33,14855.380000000001,87996.63,14805.58,87972.93000000001,14813.98,87951.03,14792.58,87946.83,14788.48,87893.65000000001,14753.960000000001,87843.86,14731.74,87824.65000000001,14715.550000000001,87823.44,14701.44
87888.98,14980.34,87886.14,14915.86,87883.93000000001,14865.550000000001,87876.75,14853.32
88030.04000000001,14916.67,87985.0,14918.0,87982.57,14909.62,87982.37,14908.92,87977.8,14893.19,87964.07,14887.76,87959.86,14893.51,87953.96,14901.550000000001,87951.95,14904.300000000001,87906.0,14967.0,87888.98,14980.34
87888.98,14980.34,87894.0,15109.0,87914.27,15114.37,87977.0,15131.0,88007.0,15130.0,88060.0,15144.0
88082.96,15382.98,88059.41,15412.550000000001,88054.77,15418.37,88060.2,15426.68,88057.29000000001,15446.89
88060.0,15144.0,88077.03,15156.49,88094.06,15168.98
88111.75,15287.9,88106.28,15328.470000000001,88102.67,15336.91,88082.96,15382.98
88082.96,15382.98,88130.66,15398.33,88151.95,15405.18,88151.2,15432.92
88094.06,15168.98,88151.94,15224.02,88164.24,15235.710000000001,88160.01,15249.48,88156.08,15262.26,88153.6,15270.35,88128.1,15278.15
88094.06,15168.98,88099.61,15210.220000000001,88103.75,15219.74,88115.65000000001,15247.11,88113.55,15269.15
88113.55,15269.15,88112.65000000001,15278.53,88111.75,15287.9
88111.75,15287.9,88119.93000000001,15283.03,88128.1,15278.15
88128.1,15278.15,88120.83,15273.65,88113.55,15269.15
88705.13,15295.6,88719.0,15314.0,88742.0,15323.0,88750.07,15323.0,88773.0,15323.0,88804.0,15312.0
88856.5,15421.08,88844.57,15392.81,88832.64,15364.54,88818.32,15338.27,88804.0,15312.0
88804.0,15312.0,88839.41,15281.45,88874.82,15250.9
88906.52,15420.09,88901.86,15414.11,88881.04000000001,15409.84,88873.92,15408.380000000001,88856.5,15421.08
88874.82,15250.9,88889.27,15230.64,88903.73,15210.37
